## gemma2_2b predicting position, context 'The piece modulates from {x} major to'
layer | RSA PMI  -fifths  block  common | partial fifths  chrom | circle|line  line|circle | P1 P5 raw | P1 P5 blackproj | iso7
    0 | +nan  +nan  +nan  +nan | +nan  +nan | +nan  +nan | nan nan | nan nan | nan
    2 | +0.19  +0.15  +0.36  +0.33 | +0.05  -0.13 | +0.01  -0.04 | 0.20 0.23 | 0.25 0.12 | 0.75
    4 | +0.14  +0.11  +0.07  +0.19 | +0.13  -0.21 | +0.10  -0.04 | 0.18 0.21 | 0.21 0.12 | 0.72
    6 | +0.13  +0.10  +0.18  +0.16 | +0.10  -0.20 | +0.13  -0.17 | 0.19 0.23 | 0.22 0.11 | 0.75
    8 | +0.18  +0.12  +0.14  +0.23 | +0.15  -0.23 | +0.09  -0.06 | 0.19 0.23 | 0.22 0.11 | 0.66
   10 | +0.22  +0.19  +0.19  +0.23 | +0.18  -0.21 | +0.18  -0.13 | 0.17 0.23 | 0.20 0.13 | 0.77
   12 | +0.25  +0.22  +0.30  +0.22 | +0.16  -0.16 | +0.18  -0.15 | 0.17 0.25 | 0.20 0.14 | 0.80
   14 | +0.24  +0.25  +0.41  +0.22 | +0.13  -0.18 | +0.12  -0.11 | 0.17 0.27 | 0.21 0.13 | 0.73
   16 | +0.40  +0.33  +0.71  +0.25 | +0.15  +0.02 | -0.11  +0.15 | 0.22 0.28 | 0.29 0.09 | 0.55
   18 | +0.50  +0.42  +0.79  +0.27 | +0.14  -0.12 | -0.36  +0.55 | 0.15 0.38 | 0.23 0.08 | 0.35
   20 | +0.46  +0.38  +0.71  +0.24 | +0.16  -0.14 | -0.31  +0.49 | 0.17 0.35 | 0.25 0.07 | 0.34
   22 | +0.37  +0.35  +0.61  +0.21 | +0.24  -0.12 | -0.17  +0.34 | 0.21 0.29 | 0.27 0.07 | 0.41
   24 | +0.41  +0.40  +0.67  +0.22 | +0.25  -0.10 | -0.18  +0.39 | 0.19 0.31 | 0.27 0.07 | 0.38
   26 | +0.43  +0.50  +0.82  +0.22 | +0.26  -0.07 | -0.18  +0.46 | 0.14 0.45 | 0.28 0.07 | 0.25
## gemma2_2b predicting position, context 'The first movement is in {x} major and the second movement is in'
layer | RSA PMI  -fifths  block  common | partial fifths  chrom | circle|line  line|circle | P1 P5 raw | P1 P5 blackproj | iso7
    0 | +nan  +nan  +nan  +nan | +nan  +nan | +nan  +nan | nan nan | nan nan | nan
    2 | +0.24  +0.23  +0.37  +0.24 | +0.11  -0.04 | +0.18  -0.18 | 0.15 0.25 | 0.18 0.14 | 0.87
    4 | +0.33  +0.27  +0.38  +0.31 | +0.16  -0.07 | +0.23  -0.21 | 0.14 0.28 | 0.18 0.15 | 0.87
    6 | +0.29  +0.29  +0.45  +0.09 | +0.13  -0.19 | -0.16  +0.33 | 0.13 0.30 | 0.17 0.15 | 0.56
    8 | +0.20  +0.29  +0.48  +0.09 | +0.12  -0.15 | +0.02  +0.04 | 0.17 0.29 | 0.22 0.13 | 0.57
   10 | +0.31  +0.40  +0.56  +0.09 | +0.24  -0.13 | +0.18  -0.07 | 0.16 0.31 | 0.21 0.14 | 0.67
   12 | +0.34  +0.41  +0.64  +0.10 | +0.22  -0.14 | +0.17  -0.10 | 0.17 0.31 | 0.22 0.13 | 0.63
   14 | +0.43  +0.51  +0.79  +0.14 | +0.32  -0.17 | +0.30  -0.20 | 0.15 0.36 | 0.21 0.12 | 0.52
   16 | +0.47  +0.48  +0.81  +0.20 | +0.34  -0.02 | +0.08  +0.07 | 0.20 0.34 | 0.29 0.10 | 0.45
   18 | +0.52  +0.50  +0.82  +0.25 | +0.27  -0.12 | -0.16  +0.44 | 0.14 0.41 | 0.23 0.08 | 0.33
   20 | +0.51  +0.45  +0.77  +0.23 | +0.20  -0.09 | -0.25  +0.48 | 0.14 0.40 | 0.23 0.07 | 0.31
   22 | +0.44  +0.43  +0.74  +0.24 | +0.24  -0.10 | -0.17  +0.37 | 0.18 0.33 | 0.26 0.07 | 0.36
   24 | +0.46  +0.43  +0.75  +0.22 | +0.23  -0.08 | -0.19  +0.40 | 0.18 0.34 | 0.26 0.07 | 0.34
   26 | +0.50  +0.51  +0.83  +0.21 | +0.28  -0.08 | -0.15  +0.45 | 0.13 0.47 | 0.25 0.07 | 0.26
## gemma2_2b predicting position, context 'A key closely related to {x} major is'
layer | RSA PMI  -fifths  block  common | partial fifths  chrom | circle|line  line|circle | P1 P5 raw | P1 P5 blackproj | iso7
    0 | +nan  +nan  +nan  +nan | +nan  +nan | +nan  +nan | nan nan | nan nan | nan
    2 | +0.19  +0.20  +0.44  +0.39 | +0.05  +0.05 | +0.11  -0.16 | 0.19 0.23 | 0.23 0.14 | 0.88
    4 | +0.22  +0.20  +0.17  +0.09 | +0.17  -0.19 | +0.13  -0.04 | 0.15 0.26 | 0.19 0.13 | 0.63
    6 | +0.21  +0.12  +0.19  +0.13 | +0.08  -0.18 | +0.02  +0.00 | 0.18 0.21 | 0.22 0.10 | 0.52
    8 | +0.11  +0.02  +0.13  +0.12 | +0.01  -0.19 | -0.07  +0.05 | 0.17 0.18 | 0.19 0.08 | 0.61
   10 | +0.11  +0.01  +0.13  +0.09 | -0.00  -0.23 | -0.13  +0.13 | 0.17 0.17 | 0.19 0.07 | 0.66
   12 | +0.07  -0.00  +0.02  +0.06 | +0.03  -0.23 | -0.08  +0.10 | 0.18 0.16 | 0.19 0.07 | 0.72
   14 | +0.11  +0.02  +0.05  +0.11 | +0.04  -0.20 | -0.08  +0.11 | 0.19 0.16 | 0.20 0.08 | 0.76
   16 | +0.11  +0.03  +0.09  +0.15 | +0.03  -0.20 | -0.07  +0.09 | 0.20 0.16 | 0.22 0.07 | 0.79
   18 | +0.18  +0.09  +0.26  +0.19 | +0.02  -0.19 | -0.14  +0.16 | 0.19 0.20 | 0.22 0.08 | 0.68
   20 | +0.15  +0.04  +0.22  +0.19 | +0.00  -0.20 | -0.16  +0.16 | 0.20 0.19 | 0.23 0.05 | 0.52
   22 | +0.13  +0.03  +0.21  +0.17 | -0.02  -0.22 | -0.18  +0.18 | 0.19 0.19 | 0.22 0.05 | 0.52
   24 | +0.13  +0.04  +0.21  +0.15 | -0.00  -0.20 | -0.17  +0.17 | 0.20 0.18 | 0.22 0.05 | 0.54
   26 | +0.14  +0.06  +0.20  +0.15 | +0.02  -0.19 | -0.13  +0.15 | 0.21 0.17 | 0.24 0.07 | 0.66
## gemma2_2b predicting position, context 'The first song on the album is in {x} major. The second song is in'
layer | RSA PMI  -fifths  block  common | partial fifths  chrom | circle|line  line|circle | P1 P5 raw | P1 P5 blackproj | iso7
    0 | +nan  +nan  +nan  +nan | +nan  +nan | +nan  +nan | nan nan | nan nan | nan
    2 | +0.18  +0.14  +0.45  +0.42 | -0.05  -0.04 | +0.01  -0.11 | 0.16 0.21 | 0.19 0.13 | 0.87
    4 | +0.27  +0.22  +0.32  +0.37 | +0.12  -0.04 | +0.13  -0.09 | 0.16 0.23 | 0.18 0.15 | 0.90
    6 | +0.37  +0.40  +0.47  +0.05 | +0.25  -0.03 | +0.00  +0.24 | 0.16 0.34 | 0.22 0.13 | 0.55
    8 | +0.29  +0.28  +0.45  +0.03 | +0.13  -0.13 | +0.01  +0.07 | 0.16 0.27 | 0.20 0.13 | 0.67
   10 | +0.28  +0.36  +0.56  +0.02 | +0.14  -0.03 | +0.14  -0.08 | 0.16 0.29 | 0.21 0.14 | 0.67
   12 | +0.33  +0.37  +0.57  +0.04 | +0.17  +0.00 | +0.10  -0.01 | 0.17 0.29 | 0.22 0.13 | 0.65
   14 | +0.36  +0.43  +0.67  +0.09 | +0.18  -0.03 | +0.19  -0.11 | 0.16 0.31 | 0.22 0.12 | 0.59
   16 | +0.28  +0.34  +0.71  +0.25 | +0.11  +0.12 | +0.03  -0.06 | 0.22 0.27 | 0.29 0.09 | 0.52
   18 | +0.49  +0.44  +0.79  +0.27 | +0.17  -0.14 | -0.27  +0.49 | 0.16 0.36 | 0.24 0.09 | 0.39
   20 | +0.49  +0.42  +0.76  +0.23 | +0.17  -0.09 | -0.30  +0.51 | 0.16 0.35 | 0.25 0.08 | 0.37
   22 | +0.43  +0.44  +0.72  +0.26 | +0.27  -0.09 | -0.18  +0.42 | 0.18 0.31 | 0.25 0.08 | 0.41
   24 | +0.47  +0.46  +0.73  +0.26 | +0.28  -0.10 | -0.19  +0.47 | 0.17 0.33 | 0.25 0.08 | 0.40
   26 | +0.45  +0.48  +0.82  +0.21 | +0.21  -0.10 | -0.28  +0.54 | 0.13 0.42 | 0.24 0.07 | 0.28
## gemma2_2b predicting position, context 'The piece modulates from {x} major very often in the'
layer | RSA PMI  -fifths  block  common | partial fifths  chrom | circle|line  line|circle | P1 P5 raw | P1 P5 blackproj | iso7
    0 | +nan  +nan  +nan  +nan | +nan  +nan | +nan  +nan | nan nan | nan nan | nan
    2 | +0.09  +0.10  +0.30  +0.29 | -0.03  -0.12 | +0.01  -0.07 | 0.16 0.20 | 0.19 0.12 | 0.82
    4 | +0.14  +0.14  +0.28  +0.22 | +0.04  -0.25 | +0.04  -0.06 | 0.16 0.21 | 0.19 0.11 | 0.83
    6 | +0.02  +0.00  +0.12  +0.16 | -0.02  -0.20 | -0.01  -0.05 | 0.19 0.17 | 0.22 0.09 | 0.67
    8 | +0.11  +0.13  +0.22  +0.17 | +0.08  -0.21 | +0.09  -0.09 | 0.19 0.21 | 0.22 0.11 | 0.78
   10 | +0.16  +0.16  +0.18  +0.19 | +0.14  -0.24 | +0.11  -0.06 | 0.21 0.19 | 0.24 0.11 | 0.81
   12 | +0.18  +0.21  +0.29  +0.19 | +0.13  -0.27 | +0.14  -0.11 | 0.17 0.19 | 0.20 0.11 | 0.90
   14 | +0.24  +0.22  +0.27  +0.16 | +0.16  -0.30 | +0.09  -0.02 | 0.17 0.19 | 0.20 0.11 | 0.88
   16 | +0.21  +0.17  +0.24  +0.15 | +0.12  -0.27 | +0.06  -0.02 | 0.20 0.18 | 0.22 0.10 | 0.88
   18 | +0.19  +0.17  +0.25  +0.13 | +0.11  -0.23 | +0.04  +0.01 | 0.22 0.18 | 0.24 0.10 | 0.91
   20 | +0.12  +0.14  +0.25  +0.11 | +0.07  -0.19 | +0.02  -0.01 | 0.24 0.17 | 0.27 0.09 | 0.87
   22 | +0.08  +0.12  +0.25  +0.06 | +0.05  -0.20 | +0.00  -0.00 | 0.24 0.17 | 0.28 0.09 | 0.79
   24 | +0.08  +0.13  +0.25  +0.06 | +0.06  -0.19 | -0.01  +0.02 | 0.24 0.17 | 0.28 0.09 | 0.73
   26 | +0.14  +0.18  +0.23  +0.08 | +0.14  -0.19 | +0.03  +0.05 | 0.22 0.19 | 0.25 0.11 | 0.74
