## olmo2_7b predicting position, context 'The piece modulates from {x} major to'
layer | RSA PMI  -fifths  block  common | partial fifths  chrom | circle|line  line|circle | P1 P5 raw | P1 P5 blackproj | iso7
    0 | +nan  +nan  +nan  +nan | +nan  +nan | +nan  +nan | nan nan | nan nan | nan
    2 | +0.18  +0.27  +0.56  +0.25 | +0.02  -0.09 | +0.03  -0.04 | 0.15 0.25 | 0.19 0.12 | 0.69
    4 | +0.22  +0.26  +0.57  +0.14 | -0.01  -0.13 | -0.01  -0.02 | 0.16 0.25 | 0.21 0.09 | 0.53
    6 | +0.33  +0.41  +0.69  +0.17 | +0.16  -0.07 | +0.16  -0.10 | 0.18 0.28 | 0.23 0.12 | 0.64
    8 | +0.37  +0.42  +0.76  +0.18 | +0.15  +0.11 | +0.18  -0.17 | 0.20 0.28 | 0.26 0.12 | 0.64
   10 | +0.37  +0.45  +0.82  +0.20 | +0.19  +0.05 | +0.22  -0.20 | 0.19 0.30 | 0.25 0.12 | 0.58
   12 | +0.41  +0.54  +0.82  +0.16 | +0.38  +0.02 | +0.30  -0.13 | 0.17 0.33 | 0.23 0.14 | 0.60
   14 | +0.41  +0.56  +0.80  +0.13 | +0.41  -0.04 | +0.36  -0.19 | 0.16 0.35 | 0.22 0.14 | 0.58
   16 | +0.47  +0.60  +0.83  +0.16 | +0.44  +0.02 | +0.45  -0.25 | 0.15 0.40 | 0.21 0.17 | 0.55
   18 | +0.46  +0.55  +0.80  +0.16 | +0.53  +0.04 | +0.26  -0.06 | 0.19 0.36 | 0.27 0.13 | 0.51
   20 | +0.40  +0.41  +0.66  +0.15 | +0.47  +0.18 | +0.01  +0.14 | 0.26 0.29 | 0.34 0.09 | 0.51
   22 | +0.33  +0.40  +0.62  +0.10 | +0.46  +0.08 | +0.01  +0.14 | 0.26 0.28 | 0.33 0.08 | 0.50
   24 | +0.38  +0.42  +0.66  +0.12 | +0.40  +0.07 | -0.05  +0.24 | 0.24 0.30 | 0.32 0.09 | 0.46
   26 | +0.40  +0.43  +0.69  +0.14 | +0.37  +0.04 | -0.09  +0.29 | 0.23 0.32 | 0.32 0.09 | 0.44
   28 | +0.42  +0.45  +0.71  +0.13 | +0.40  +0.00 | -0.08  +0.30 | 0.22 0.33 | 0.30 0.09 | 0.44
   30 | +0.47  +0.49  +0.75  +0.13 | +0.36  +0.01 | -0.15  +0.44 | 0.19 0.39 | 0.29 0.09 | 0.38
   32 | +0.47  +0.51  +0.78  +0.14 | +0.38  -0.03 | -0.11  +0.42 | 0.18 0.40 | 0.29 0.10 | 0.38
## olmo2_7b predicting position, context 'The first movement is in {x} major and the second movement is in'
layer | RSA PMI  -fifths  block  common | partial fifths  chrom | circle|line  line|circle | P1 P5 raw | P1 P5 blackproj | iso7
    0 | +nan  +nan  +nan  +nan | +nan  +nan | +nan  +nan | nan nan | nan nan | nan
    2 | +0.28  +0.10  +0.36  +0.58 | -0.04  -0.21 | +0.03  -0.14 | 0.14 0.22 | 0.17 0.12 | 0.63
    4 | +0.13  +0.12  +0.21  +0.25 | +0.07  +0.10 | +0.19  -0.23 | 0.23 0.26 | 0.26 0.21 | 0.62
    6 | +0.21  +0.22  +0.39  +0.29 | +0.08  +0.06 | +0.13  -0.15 | 0.19 0.27 | 0.23 0.17 | 0.69
    8 | +0.28  +0.28  +0.54  +0.26 | +0.08  -0.01 | +0.12  -0.15 | 0.17 0.28 | 0.21 0.15 | 0.58
   10 | +0.41  +0.38  +0.72  +0.25 | +0.13  +0.03 | +0.14  -0.14 | 0.18 0.30 | 0.24 0.13 | 0.53
   12 | +0.48  +0.47  +0.84  +0.25 | +0.21  +0.03 | +0.23  -0.20 | 0.15 0.35 | 0.22 0.14 | 0.48
   14 | +0.52  +0.52  +0.86  +0.22 | +0.30  -0.02 | +0.26  -0.13 | 0.14 0.39 | 0.21 0.15 | 0.48
   16 | +0.52  +0.54  +0.86  +0.22 | +0.33  -0.02 | +0.29  -0.15 | 0.14 0.41 | 0.22 0.15 | 0.45
   18 | +0.49  +0.48  +0.79  +0.23 | +0.42  -0.04 | +0.22  -0.12 | 0.20 0.35 | 0.29 0.11 | 0.44
   20 | +0.42  +0.36  +0.65  +0.16 | +0.43  +0.03 | +0.07  -0.03 | 0.25 0.28 | 0.34 0.08 | 0.46
   22 | +0.44  +0.41  +0.66  +0.15 | +0.47  -0.03 | +0.06  +0.06 | 0.25 0.29 | 0.33 0.08 | 0.46
   24 | +0.48  +0.45  +0.73  +0.15 | +0.42  -0.03 | +0.01  +0.17 | 0.22 0.33 | 0.32 0.08 | 0.43
   26 | +0.48  +0.46  +0.75  +0.17 | +0.41  -0.06 | +0.01  +0.17 | 0.21 0.34 | 0.31 0.08 | 0.39
   28 | +0.49  +0.48  +0.76  +0.16 | +0.41  -0.09 | +0.04  +0.16 | 0.21 0.35 | 0.31 0.08 | 0.39
   30 | +0.51  +0.51  +0.79  +0.17 | +0.36  -0.03 | -0.12  +0.41 | 0.19 0.41 | 0.31 0.08 | 0.34
   32 | +0.50  +0.52  +0.82  +0.16 | +0.36  -0.04 | -0.09  +0.40 | 0.17 0.44 | 0.31 0.09 | 0.33
## olmo2_7b predicting position, context 'A key closely related to {x} major is'
layer | RSA PMI  -fifths  block  common | partial fifths  chrom | circle|line  line|circle | P1 P5 raw | P1 P5 blackproj | iso7
    0 | +nan  +nan  +nan  +nan | +nan  +nan | +nan  +nan | nan nan | nan nan | nan
    2 | +0.30  +0.35  +0.67  +0.26 | +0.06  -0.17 | +0.01  +0.02 | 0.16 0.29 | 0.22 0.12 | 0.59
    4 | +0.18  +0.12  +0.44  +0.16 | -0.04  -0.19 | -0.07  -0.03 | 0.16 0.22 | 0.20 0.08 | 0.57
    6 | +0.24  +0.18  +0.48  +0.15 | -0.02  -0.20 | -0.04  -0.02 | 0.17 0.22 | 0.21 0.09 | 0.64
    8 | +0.30  +0.26  +0.62  +0.23 | -0.01  -0.18 | +0.04  -0.12 | 0.16 0.25 | 0.21 0.11 | 0.58
   10 | +0.40  +0.38  +0.70  +0.21 | +0.12  -0.08 | +0.19  -0.20 | 0.16 0.30 | 0.21 0.13 | 0.50
   12 | +0.41  +0.45  +0.68  +0.20 | +0.22  -0.05 | +0.31  -0.27 | 0.16 0.33 | 0.21 0.16 | 0.48
   14 | +0.42  +0.46  +0.69  +0.20 | +0.23  +0.02 | +0.30  -0.24 | 0.17 0.34 | 0.22 0.16 | 0.49
   16 | +0.44  +0.47  +0.73  +0.20 | +0.23  +0.06 | +0.23  -0.14 | 0.17 0.35 | 0.23 0.16 | 0.52
   18 | +0.44  +0.48  +0.75  +0.18 | +0.28  +0.06 | +0.13  +0.02 | 0.17 0.33 | 0.24 0.14 | 0.55
   20 | +0.35  +0.37  +0.62  +0.15 | +0.28  +0.07 | +0.04  +0.05 | 0.21 0.28 | 0.28 0.11 | 0.57
   22 | +0.35  +0.40  +0.62  +0.07 | +0.38  -0.01 | +0.01  +0.14 | 0.22 0.28 | 0.28 0.10 | 0.55
   24 | +0.36  +0.43  +0.60  +0.08 | +0.41  -0.00 | +0.01  +0.20 | 0.22 0.29 | 0.28 0.10 | 0.56
   26 | +0.37  +0.43  +0.60  +0.07 | +0.38  +0.01 | -0.01  +0.23 | 0.21 0.29 | 0.28 0.11 | 0.57
   28 | +0.35  +0.42  +0.60  +0.07 | +0.37  -0.00 | -0.00  +0.21 | 0.21 0.29 | 0.27 0.10 | 0.57
   30 | +0.40  +0.45  +0.65  +0.10 | +0.32  -0.00 | -0.06  +0.30 | 0.19 0.33 | 0.27 0.10 | 0.51
   32 | +0.42  +0.46  +0.68  +0.08 | +0.31  -0.01 | -0.04  +0.29 | 0.19 0.34 | 0.26 0.11 | 0.50
## olmo2_7b predicting position, context 'The first song on the album is in {x} major. The second song is in'
layer | RSA PMI  -fifths  block  common | partial fifths  chrom | circle|line  line|circle | P1 P5 raw | P1 P5 blackproj | iso7
    0 | +nan  +nan  +nan  +nan | +nan  +nan | +nan  +nan | nan nan | nan nan | nan
    2 | +0.23  +0.10  +0.45  +0.54 | -0.11  -0.10 | -0.01  -0.16 | 0.16 0.20 | 0.19 0.11 | 0.70
    4 | +0.01  +0.05  +0.09  +0.06 | +0.08  +0.01 | +0.04  -0.04 | 0.21 0.21 | 0.24 0.10 | 0.63
    6 | +0.13  +0.17  +0.28  +0.14 | +0.11  -0.01 | +0.01  +0.04 | 0.20 0.23 | 0.23 0.11 | 0.73
    8 | +0.03  +0.16  +0.30  +0.17 | +0.08  -0.06 | +0.05  -0.04 | 0.17 0.22 | 0.20 0.11 | 0.69
   10 | +0.17  +0.22  +0.44  +0.18 | +0.10  -0.11 | -0.02  +0.04 | 0.17 0.24 | 0.20 0.09 | 0.58
   12 | +0.25  +0.27  +0.53  +0.15 | +0.10  -0.16 | -0.03  +0.06 | 0.15 0.27 | 0.19 0.10 | 0.52
   14 | +0.32  +0.33  +0.64  +0.10 | +0.10  -0.16 | -0.06  +0.11 | 0.12 0.33 | 0.17 0.11 | 0.44
   16 | +0.41  +0.41  +0.78  +0.14 | +0.11  -0.17 | -0.02  +0.09 | 0.10 0.41 | 0.17 0.12 | 0.40
   18 | +0.44  +0.44  +0.84  +0.15 | +0.14  -0.11 | -0.00  +0.09 | 0.11 0.43 | 0.20 0.12 | 0.38
   20 | +0.42  +0.40  +0.80  +0.13 | +0.12  -0.08 | -0.08  +0.13 | 0.17 0.37 | 0.28 0.08 | 0.35
   22 | +0.45  +0.47  +0.81  +0.12 | +0.28  -0.09 | -0.02  +0.19 | 0.18 0.38 | 0.29 0.09 | 0.39
   24 | +0.48  +0.48  +0.82  +0.14 | +0.25  -0.07 | -0.09  +0.30 | 0.16 0.41 | 0.28 0.10 | 0.39
   26 | +0.46  +0.46  +0.82  +0.17 | +0.23  -0.07 | -0.12  +0.31 | 0.16 0.39 | 0.28 0.09 | 0.38
   28 | +0.44  +0.46  +0.81  +0.15 | +0.23  -0.08 | -0.08  +0.26 | 0.16 0.39 | 0.27 0.09 | 0.39
   30 | +0.46  +0.47  +0.83  +0.18 | +0.20  -0.06 | -0.17  +0.39 | 0.15 0.43 | 0.28 0.09 | 0.35
   32 | +0.45  +0.48  +0.84  +0.16 | +0.19  -0.06 | -0.15  +0.36 | 0.14 0.45 | 0.27 0.09 | 0.33
## olmo2_7b predicting position, context 'The piece modulates from {x} major very often in the'
layer | RSA PMI  -fifths  block  common | partial fifths  chrom | circle|line  line|circle | P1 P5 raw | P1 P5 blackproj | iso7
    0 | +nan  +nan  +nan  +nan | +nan  +nan | +nan  +nan | nan nan | nan nan | nan
    2 | +0.19  +0.01  +0.30  +0.34 | -0.09  -0.07 | -0.17  +0.09 | 0.18 0.17 | 0.21 0.07 | 0.64
    4 | +0.09  -0.07  +0.23  +0.23 | -0.16  -0.10 | -0.23  +0.13 | 0.19 0.14 | 0.22 0.05 | 0.60
    6 | +0.09  -0.03  +0.28  +0.27 | -0.16  -0.16 | -0.24  +0.13 | 0.17 0.16 | 0.20 0.07 | 0.61
    8 | +0.20  +0.30  +0.63  +0.26 | +0.03  -0.14 | +0.04  -0.07 | 0.16 0.25 | 0.21 0.11 | 0.63
   10 | +0.22  +0.31  +0.65  +0.29 | +0.03  -0.13 | +0.04  -0.07 | 0.16 0.25 | 0.21 0.11 | 0.66
   12 | +0.26  +0.35  +0.68  +0.31 | +0.08  -0.14 | +0.09  -0.10 | 0.16 0.25 | 0.20 0.11 | 0.66
   14 | +0.24  +0.32  +0.64  +0.28 | +0.09  -0.16 | +0.07  -0.08 | 0.17 0.25 | 0.21 0.11 | 0.67
   16 | +0.29  +0.37  +0.58  +0.21 | +0.22  -0.18 | +0.12  -0.03 | 0.16 0.27 | 0.20 0.12 | 0.70
   18 | +0.38  +0.45  +0.69  +0.22 | +0.36  -0.20 | +0.11  +0.05 | 0.17 0.31 | 0.23 0.13 | 0.65
   20 | +0.38  +0.46  +0.68  +0.20 | +0.37  -0.21 | +0.12  +0.05 | 0.17 0.31 | 0.23 0.13 | 0.64
   22 | +0.38  +0.48  +0.72  +0.21 | +0.32  -0.21 | +0.14  +0.04 | 0.16 0.34 | 0.22 0.14 | 0.60
   24 | +0.36  +0.46  +0.72  +0.20 | +0.28  -0.20 | +0.15  -0.02 | 0.15 0.34 | 0.21 0.15 | 0.61
   26 | +0.36  +0.46  +0.75  +0.21 | +0.24  -0.20 | +0.13  -0.02 | 0.15 0.35 | 0.22 0.14 | 0.58
   28 | +0.35  +0.46  +0.77  +0.20 | +0.22  -0.21 | +0.14  -0.05 | 0.15 0.36 | 0.22 0.14 | 0.55
   30 | +0.35  +0.46  +0.77  +0.18 | +0.22  -0.20 | +0.13  -0.04 | 0.15 0.36 | 0.22 0.14 | 0.55
   32 | +0.37  +0.46  +0.80  +0.19 | +0.19  -0.16 | +0.12  -0.03 | 0.14 0.37 | 0.22 0.13 | 0.51
