## olmo2_1b predicting position, context 'The piece modulates from {x} major to'
layer | RSA PMI  -fifths  block  common | partial fifths  chrom | circle|line  line|circle | P1 P5 raw | P1 P5 blackproj | iso7
    0 | +nan  +nan  +nan  +nan | +nan  +nan | +nan  +nan | nan nan | nan nan | nan
    2 | +0.16  +0.22  +0.59  +0.22 | -0.09  -0.11 | -0.01  -0.09 | 0.15 0.25 | 0.19 0.10 | 0.54
    4 | +0.24  +0.24  +0.50  +0.06 | +0.03  -0.09 | -0.02  +0.02 | 0.17 0.26 | 0.21 0.11 | 0.49
    6 | +0.32  +0.28  +0.56  +0.11 | +0.06  -0.06 | -0.02  +0.04 | 0.18 0.25 | 0.23 0.11 | 0.61
    8 | +0.32  +0.30  +0.68  +0.15 | -0.00  -0.06 | -0.04  +0.01 | 0.18 0.26 | 0.23 0.10 | 0.59
   10 | +0.40  +0.34  +0.75  +0.24 | +0.01  -0.09 | -0.11  +0.11 | 0.18 0.27 | 0.24 0.10 | 0.55
   12 | +0.42  +0.38  +0.79  +0.25 | +0.07  +0.00 | -0.15  +0.21 | 0.18 0.31 | 0.26 0.11 | 0.54
   14 | +0.52  +0.40  +0.74  +0.22 | +0.15  +0.03 | -0.38  +0.57 | 0.20 0.33 | 0.29 0.08 | 0.42
   16 | +0.51  +0.40  +0.71  +0.23 | +0.14  -0.06 | -0.44  +0.66 | 0.16 0.38 | 0.26 0.09 | 0.37
## olmo2_1b predicting position, context 'The first movement is in {x} major and the second movement is in'
layer | RSA PMI  -fifths  block  common | partial fifths  chrom | circle|line  line|circle | P1 P5 raw | P1 P5 blackproj | iso7
    0 | +nan  +nan  +nan  +nan | +nan  +nan | +nan  +nan | nan nan | nan nan | nan
    2 | +0.25  +0.22  +0.53  +0.45 | +0.02  -0.13 | +0.06  -0.14 | 0.12 0.27 | 0.17 0.12 | 0.69
    4 | +0.08  +0.15  +0.28  +0.28 | +0.05  -0.06 | +0.12  -0.16 | 0.11 0.26 | 0.13 0.18 | 0.63
    6 | +0.32  +0.25  +0.42  +0.15 | +0.13  +0.14 | -0.03  +0.11 | 0.23 0.25 | 0.28 0.09 | 0.59
    8 | +0.34  +0.29  +0.53  +0.17 | +0.11  +0.17 | -0.05  +0.12 | 0.22 0.27 | 0.28 0.09 | 0.55
   10 | +0.47  +0.42  +0.73  +0.25 | +0.20  -0.00 | +0.03  +0.08 | 0.19 0.31 | 0.25 0.08 | 0.43
   12 | +0.56  +0.61  +0.86  +0.25 | +0.46  -0.03 | +0.29  +0.06 | 0.14 0.40 | 0.22 0.13 | 0.45
   14 | +0.57  +0.54  +0.75  +0.26 | +0.39  -0.10 | -0.10  +0.49 | 0.15 0.39 | 0.23 0.12 | 0.46
   16 | +0.61  +0.55  +0.81  +0.28 | +0.34  -0.05 | -0.20  +0.60 | 0.12 0.47 | 0.21 0.11 | 0.36
## olmo2_1b predicting position, context 'A key closely related to {x} major is'
layer | RSA PMI  -fifths  block  common | partial fifths  chrom | circle|line  line|circle | P1 P5 raw | P1 P5 blackproj | iso7
    0 | +nan  +nan  +nan  +nan | +nan  +nan | +nan  +nan | nan nan | nan nan | nan
    2 | +0.30  +0.35  +0.61  +0.28 | +0.16  -0.11 | +0.08  -0.02 | 0.18 0.28 | 0.23 0.11 | 0.58
    4 | +0.29  +0.27  +0.48  +0.20 | +0.11  -0.12 | +0.06  -0.03 | 0.18 0.24 | 0.22 0.11 | 0.68
    6 | +0.30  +0.25  +0.45  +0.24 | +0.10  -0.13 | +0.00  +0.04 | 0.19 0.24 | 0.23 0.11 | 0.71
    8 | +0.22  +0.19  +0.40  +0.28 | +0.08  -0.10 | +0.02  -0.02 | 0.20 0.22 | 0.23 0.11 | 0.76
   10 | +0.20  +0.20  +0.42  +0.25 | +0.04  -0.05 | -0.00  +0.01 | 0.19 0.22 | 0.22 0.12 | 0.75
   12 | +0.33  +0.30  +0.55  +0.20 | +0.07  +0.05 | +0.11  -0.10 | 0.20 0.27 | 0.25 0.12 | 0.58
   14 | +0.47  +0.31  +0.58  +0.22 | +0.17  +0.08 | -0.11  +0.21 | 0.22 0.27 | 0.28 0.10 | 0.60
   16 | +0.47  +0.32  +0.62  +0.23 | +0.09  +0.04 | -0.23  +0.37 | 0.18 0.30 | 0.24 0.10 | 0.54
## olmo2_1b predicting position, context 'The first song on the album is in {x} major. The second song is in'
layer | RSA PMI  -fifths  block  common | partial fifths  chrom | circle|line  line|circle | P1 P5 raw | P1 P5 blackproj | iso7
    0 | +nan  +nan  +nan  +nan | +nan  +nan | +nan  +nan | nan nan | nan nan | nan
    2 | +0.24  +0.25  +0.62  +0.43 | -0.01  -0.11 | +0.03  -0.11 | 0.14 0.26 | 0.18 0.12 | 0.65
    4 | +0.28  +0.41  +0.59  +0.14 | +0.22  -0.12 | +0.20  -0.10 | 0.11 0.29 | 0.14 0.16 | 0.83
    6 | +0.29  +0.26  +0.48  +0.17 | +0.11  -0.05 | -0.03  +0.09 | 0.18 0.24 | 0.22 0.10 | 0.66
    8 | +0.40  +0.43  +0.61  +0.21 | +0.25  -0.07 | -0.08  +0.33 | 0.17 0.28 | 0.21 0.10 | 0.59
   10 | +0.39  +0.37  +0.65  +0.27 | +0.13  -0.00 | -0.06  +0.18 | 0.18 0.28 | 0.23 0.08 | 0.46
   12 | +0.51  +0.52  +0.79  +0.31 | +0.30  -0.01 | +0.06  +0.20 | 0.18 0.32 | 0.24 0.10 | 0.52
   14 | +0.51  +0.50  +0.65  +0.19 | +0.34  -0.06 | -0.24  +0.60 | 0.18 0.34 | 0.24 0.11 | 0.49
   16 | +0.52  +0.52  +0.71  +0.22 | +0.32  -0.04 | -0.28  +0.66 | 0.16 0.37 | 0.24 0.11 | 0.41
## olmo2_1b predicting position, context 'The piece modulates from {x} major very often in the'
layer | RSA PMI  -fifths  block  common | partial fifths  chrom | circle|line  line|circle | P1 P5 raw | P1 P5 blackproj | iso7
    0 | +nan  +nan  +nan  +nan | +nan  +nan | +nan  +nan | nan nan | nan nan | nan
    2 | -0.00  -0.06  +0.15  +0.11 | -0.09  -0.23 | -0.08  -0.05 | 0.11 0.16 | 0.13 0.07 | 0.67
    4 | -0.02  +0.03  +0.30  +0.27 | -0.09  -0.12 | +0.03  -0.19 | 0.13 0.18 | 0.15 0.09 | 0.76
    6 | -0.04  +0.04  +0.27  +0.23 | -0.08  -0.06 | +0.04  -0.16 | 0.12 0.19 | 0.15 0.09 | 0.74
    8 | -0.04  +0.05  +0.22  +0.18 | -0.06  -0.08 | +0.04  -0.12 | 0.12 0.19 | 0.14 0.10 | 0.75
   10 | -0.03  +0.05  +0.18  +0.22 | -0.03  -0.06 | +0.06  -0.12 | 0.12 0.20 | 0.14 0.12 | 0.78
   12 | +0.11  +0.16  +0.51  +0.28 | -0.05  -0.07 | +0.01  -0.14 | 0.16 0.23 | 0.21 0.10 | 0.63
   14 | +0.10  +0.19  +0.58  +0.29 | -0.06  -0.08 | -0.01  -0.12 | 0.18 0.23 | 0.24 0.08 | 0.54
   16 | +0.20  +0.26  +0.64  +0.24 | -0.01  -0.06 | -0.08  +0.04 | 0.18 0.26 | 0.25 0.09 | 0.54
