## qwen25_3b predicting position, context 'The piece modulates from {x} major to'
layer | RSA PMI  -fifths  block  common | partial fifths  chrom | circle|line  line|circle | P1 P5 raw | P1 P5 blackproj | iso7
    0 | +nan  +nan  +nan  +nan | +nan  +nan | +nan  +nan | nan nan | nan nan | nan
    2 | +0.11  +0.14  +0.41  +0.36 | -0.05  +0.13 | -0.11  +0.09 | 0.20 0.22 | 0.23 0.10 | 0.64
    4 | +0.27  +0.39  +0.63  +0.25 | +0.14  -0.05 | +0.06  +0.05 | 0.16 0.28 | 0.21 0.12 | 0.59
    6 | +0.27  +0.38  +0.66  +0.26 | +0.10  -0.07 | +0.14  -0.10 | 0.14 0.32 | 0.19 0.15 | 0.64
    8 | +0.36  +0.37  +0.77  +0.26 | +0.03  -0.09 | +0.07  -0.10 | 0.15 0.31 | 0.21 0.12 | 0.54
   10 | +0.35  +0.41  +0.76  +0.29 | +0.10  -0.11 | +0.12  -0.10 | 0.15 0.31 | 0.21 0.13 | 0.58
   12 | +0.40  +0.45  +0.84  +0.33 | +0.13  -0.09 | +0.14  -0.12 | 0.15 0.32 | 0.21 0.12 | 0.52
   14 | +0.29  +0.36  +0.83  +0.27 | -0.07  -0.19 | +0.06  -0.18 | 0.14 0.30 | 0.20 0.12 | 0.53
   16 | +0.27  +0.36  +0.84  +0.24 | -0.06  -0.21 | +0.10  -0.24 | 0.14 0.31 | 0.20 0.13 | 0.54
   18 | +0.27  +0.39  +0.85  +0.24 | -0.01  -0.15 | +0.17  -0.30 | 0.14 0.33 | 0.20 0.13 | 0.50
   20 | +0.31  +0.43  +0.86  +0.23 | +0.08  -0.18 | +0.23  -0.30 | 0.14 0.34 | 0.21 0.14 | 0.51
   22 | +0.39  +0.48  +0.86  +0.23 | +0.20  -0.02 | +0.31  -0.30 | 0.17 0.36 | 0.25 0.14 | 0.45
   24 | +0.39  +0.48  +0.86  +0.26 | +0.21  +0.03 | +0.24  -0.20 | 0.17 0.36 | 0.24 0.13 | 0.45
   26 | +0.53  +0.55  +0.86  +0.25 | +0.37  +0.11 | +0.11  +0.19 | 0.16 0.41 | 0.26 0.12 | 0.42
   28 | +0.55  +0.55  +0.85  +0.20 | +0.40  +0.37 | +0.18  +0.05 | 0.23 0.41 | 0.37 0.12 | 0.43
   30 | +0.58  +0.57  +0.86  +0.21 | +0.41  +0.31 | +0.10  +0.25 | 0.22 0.45 | 0.37 0.12 | 0.41
   32 | +0.58  +0.53  +0.82  +0.23 | +0.33  +0.13 | -0.23  +0.59 | 0.18 0.46 | 0.33 0.10 | 0.33
   34 | +0.57  +0.52  +0.79  +0.20 | +0.32  +0.13 | -0.29  +0.63 | 0.17 0.46 | 0.31 0.10 | 0.32
   36 | +0.58  +0.51  +0.80  +0.23 | +0.28  +0.07 | -0.31  +0.64 | 0.15 0.48 | 0.30 0.09 | 0.28
## qwen25_3b predicting position, context 'The first movement is in {x} major and the second movement is in'
layer | RSA PMI  -fifths  block  common | partial fifths  chrom | circle|line  line|circle | P1 P5 raw | P1 P5 blackproj | iso7
    0 | +nan  +nan  +nan  +nan | +nan  +nan | +nan  +nan | nan nan | nan nan | nan
    2 | +0.27  +0.17  +0.48  +0.61 | +0.01  +0.05 | -0.03  -0.03 | 0.17 0.21 | 0.21 0.13 | 0.57
    4 | +0.20  +0.09  +0.44  +0.37 | -0.12  -0.05 | -0.12  +0.02 | 0.17 0.20 | 0.20 0.07 | 0.50
    6 | +0.31  +0.19  +0.54  +0.30 | -0.04  +0.02 | -0.13  +0.10 | 0.19 0.26 | 0.24 0.07 | 0.43
    8 | +0.31  +0.21  +0.65  +0.30 | -0.13  -0.30 | -0.24  +0.19 | 0.13 0.25 | 0.17 0.07 | 0.48
   10 | +0.26  +0.20  +0.57  +0.28 | -0.11  -0.17 | -0.23  +0.22 | 0.14 0.26 | 0.18 0.10 | 0.58
   12 | +0.19  +0.25  +0.55  +0.29 | -0.02  -0.12 | -0.03  +0.02 | 0.15 0.28 | 0.19 0.12 | 0.62
   14 | +0.19  +0.21  +0.47  +0.27 | -0.03  -0.06 | -0.02  +0.01 | 0.14 0.28 | 0.17 0.13 | 0.65
   16 | +0.24  +0.27  +0.58  +0.29 | -0.03  -0.02 | +0.00  -0.01 | 0.12 0.31 | 0.16 0.13 | 0.57
   18 | +0.25  +0.29  +0.60  +0.29 | -0.02  -0.01 | +0.02  -0.02 | 0.12 0.31 | 0.16 0.13 | 0.56
   20 | +0.33  +0.34  +0.66  +0.29 | +0.02  -0.02 | +0.07  -0.06 | 0.13 0.33 | 0.17 0.13 | 0.55
   22 | +0.45  +0.38  +0.81  +0.25 | +0.07  +0.11 | -0.04  +0.05 | 0.20 0.32 | 0.29 0.09 | 0.41
   24 | +0.47  +0.42  +0.83  +0.25 | +0.11  +0.06 | +0.02  +0.01 | 0.18 0.34 | 0.27 0.10 | 0.41
   26 | +0.53  +0.47  +0.84  +0.26 | +0.20  +0.10 | -0.20  +0.42 | 0.18 0.40 | 0.29 0.10 | 0.38
   28 | +0.57  +0.51  +0.85  +0.24 | +0.27  +0.13 | -0.21  +0.50 | 0.18 0.42 | 0.30 0.10 | 0.38
   30 | +0.58  +0.51  +0.85  +0.25 | +0.26  +0.08 | -0.26  +0.55 | 0.17 0.43 | 0.30 0.11 | 0.38
   32 | +0.59  +0.52  +0.80  +0.25 | +0.29  +0.05 | -0.32  +0.66 | 0.15 0.48 | 0.30 0.08 | 0.27
   34 | +0.58  +0.48  +0.76  +0.23 | +0.24  +0.06 | -0.43  +0.71 | 0.14 0.47 | 0.28 0.07 | 0.26
   36 | +0.57  +0.48  +0.80  +0.22 | +0.21  +0.04 | -0.44  +0.70 | 0.13 0.50 | 0.28 0.07 | 0.23
## qwen25_3b predicting position, context 'A key closely related to {x} major is'
layer | RSA PMI  -fifths  block  common | partial fifths  chrom | circle|line  line|circle | P1 P5 raw | P1 P5 blackproj | iso7
    0 | +nan  +nan  +nan  +nan | +nan  +nan | +nan  +nan | nan nan | nan nan | nan
    2 | +0.26  +0.22  +0.45  +0.40 | +0.13  -0.03 | -0.10  +0.17 | 0.21 0.22 | 0.25 0.10 | 0.67
    4 | +0.26  +0.18  +0.42  +0.26 | +0.07  -0.17 | -0.05  +0.04 | 0.22 0.23 | 0.27 0.09 | 0.59
    6 | +0.14  +0.22  +0.35  +0.17 | +0.06  -0.05 | +0.05  -0.01 | 0.16 0.26 | 0.20 0.14 | 0.68
    8 | +0.23  +0.29  +0.51  +0.14 | +0.05  -0.13 | -0.00  +0.08 | 0.13 0.28 | 0.17 0.14 | 0.60
   10 | +0.32  +0.40  +0.50  +0.15 | +0.20  -0.11 | -0.05  +0.31 | 0.14 0.31 | 0.18 0.15 | 0.51
   12 | +0.36  +0.46  +0.46  +0.21 | +0.29  -0.10 | -0.07  +0.45 | 0.13 0.33 | 0.16 0.17 | 0.51
   14 | +0.34  +0.39  +0.45  +0.18 | +0.21  -0.13 | -0.03  +0.29 | 0.15 0.30 | 0.18 0.15 | 0.55
   16 | +0.34  +0.37  +0.51  +0.19 | +0.16  -0.10 | -0.06  +0.27 | 0.15 0.30 | 0.19 0.15 | 0.58
   18 | +0.37  +0.37  +0.56  +0.22 | +0.14  -0.10 | -0.05  +0.23 | 0.16 0.30 | 0.21 0.14 | 0.60
   20 | +0.40  +0.41  +0.57  +0.25 | +0.19  -0.12 | -0.03  +0.25 | 0.16 0.30 | 0.20 0.15 | 0.63
   22 | +0.41  +0.38  +0.58  +0.24 | +0.16  -0.15 | -0.06  +0.25 | 0.16 0.32 | 0.21 0.13 | 0.56
   24 | +0.42  +0.41  +0.56  +0.21 | +0.20  -0.14 | +0.02  +0.17 | 0.16 0.34 | 0.21 0.13 | 0.49
   26 | +0.41  +0.37  +0.55  +0.20 | +0.15  -0.10 | +0.03  +0.11 | 0.16 0.35 | 0.22 0.12 | 0.46
   28 | +0.39  +0.32  +0.52  +0.19 | +0.10  -0.06 | +0.02  +0.08 | 0.16 0.36 | 0.23 0.11 | 0.41
   30 | +0.39  +0.32  +0.49  +0.17 | +0.11  -0.07 | +0.01  +0.10 | 0.15 0.38 | 0.23 0.10 | 0.37
   32 | +0.39  +0.31  +0.52  +0.17 | +0.10  -0.03 | -0.03  +0.13 | 0.18 0.37 | 0.28 0.08 | 0.31
   34 | +0.42  +0.33  +0.57  +0.18 | +0.09  -0.03 | -0.08  +0.20 | 0.18 0.38 | 0.29 0.08 | 0.28
   36 | +0.41  +0.34  +0.56  +0.16 | +0.11  +0.01 | -0.06  +0.20 | 0.19 0.39 | 0.31 0.09 | 0.27
## qwen25_3b predicting position, context 'The first song on the album is in {x} major. The second song is in'
layer | RSA PMI  -fifths  block  common | partial fifths  chrom | circle|line  line|circle | P1 P5 raw | P1 P5 blackproj | iso7
    0 | +nan  +nan  +nan  +nan | +nan  +nan | +nan  +nan | nan nan | nan nan | nan
    2 | +0.37  +0.29  +0.55  +0.64 | +0.13  -0.00 | -0.02  +0.11 | 0.17 0.23 | 0.20 0.14 | 0.62
    4 | +0.27  +0.13  +0.52  +0.45 | -0.13  +0.00 | -0.22  +0.15 | 0.17 0.21 | 0.21 0.08 | 0.53
    6 | +0.34  +0.21  +0.59  +0.38 | -0.06  +0.09 | -0.17  +0.13 | 0.19 0.25 | 0.25 0.07 | 0.45
    8 | +0.34  +0.14  +0.52  +0.27 | -0.09  -0.30 | -0.23  +0.19 | 0.14 0.24 | 0.18 0.07 | 0.50
   10 | +0.30  +0.21  +0.56  +0.42 | -0.04  -0.25 | -0.11  +0.08 | 0.15 0.25 | 0.18 0.08 | 0.54
   12 | +0.30  +0.37  +0.75  +0.32 | +0.05  -0.08 | +0.04  -0.03 | 0.16 0.32 | 0.24 0.08 | 0.43
   14 | +0.26  +0.29  +0.64  +0.24 | -0.03  -0.01 | +0.01  -0.05 | 0.18 0.29 | 0.24 0.10 | 0.53
   16 | +0.36  +0.37  +0.73  +0.29 | +0.04  +0.01 | +0.07  -0.07 | 0.18 0.31 | 0.25 0.12 | 0.54
   18 | +0.27  +0.29  +0.64  +0.22 | -0.04  +0.06 | +0.09  -0.16 | 0.18 0.30 | 0.25 0.12 | 0.58
   20 | +0.34  +0.35  +0.71  +0.20 | +0.00  +0.07 | +0.12  -0.17 | 0.16 0.37 | 0.25 0.13 | 0.47
   22 | +0.48  +0.44  +0.83  +0.17 | +0.14  +0.03 | -0.07  +0.19 | 0.19 0.38 | 0.30 0.10 | 0.39
   24 | +0.46  +0.41  +0.81  +0.19 | +0.07  -0.03 | -0.17  +0.28 | 0.18 0.34 | 0.27 0.09 | 0.41
   26 | +0.47  +0.36  +0.72  +0.22 | +0.05  +0.04 | -0.42  +0.58 | 0.18 0.35 | 0.27 0.08 | 0.38
   28 | +0.53  +0.42  +0.74  +0.27 | +0.14  +0.04 | -0.38  +0.61 | 0.16 0.40 | 0.27 0.10 | 0.39
   30 | +0.55  +0.44  +0.72  +0.25 | +0.17  +0.03 | -0.41  +0.67 | 0.15 0.41 | 0.25 0.11 | 0.41
   32 | +0.56  +0.45  +0.74  +0.25 | +0.22  +0.03 | -0.37  +0.63 | 0.15 0.44 | 0.26 0.09 | 0.32
   34 | +0.58  +0.46  +0.70  +0.22 | +0.24  +0.06 | -0.42  +0.70 | 0.14 0.46 | 0.26 0.10 | 0.31
   36 | +0.57  +0.47  +0.76  +0.22 | +0.21  +0.01 | -0.46  +0.72 | 0.13 0.49 | 0.26 0.10 | 0.26
## qwen25_3b predicting position, context 'The piece modulates from {x} major very often in the'
layer | RSA PMI  -fifths  block  common | partial fifths  chrom | circle|line  line|circle | P1 P5 raw | P1 P5 blackproj | iso7
    0 | +nan  +nan  +nan  +nan | +nan  +nan | +nan  +nan | nan nan | nan nan | nan
    2 | +0.22  +0.21  +0.49  +0.50 | +0.11  +0.07 | -0.04  +0.04 | 0.21 0.21 | 0.25 0.11 | 0.73
    4 | +0.36  +0.30  +0.57  +0.44 | +0.14  -0.16 | -0.00  +0.06 | 0.17 0.25 | 0.22 0.11 | 0.62
    6 | +0.32  +0.25  +0.47  +0.40 | +0.11  -0.18 | +0.06  -0.03 | 0.17 0.24 | 0.21 0.11 | 0.66
    8 | +0.33  +0.28  +0.56  +0.39 | +0.06  -0.23 | -0.06  +0.10 | 0.15 0.24 | 0.19 0.12 | 0.71
   10 | +0.39  +0.29  +0.53  +0.44 | +0.10  -0.20 | -0.12  +0.24 | 0.14 0.26 | 0.18 0.14 | 0.69
   12 | +0.33  +0.19  +0.52  +0.28 | -0.05  -0.18 | -0.33  +0.39 | 0.12 0.27 | 0.16 0.11 | 0.57
   14 | +0.29  +0.27  +0.66  +0.30 | -0.09  -0.10 | -0.25  +0.30 | 0.13 0.26 | 0.17 0.12 | 0.63
   16 | +0.28  +0.27  +0.69  +0.36 | -0.12  -0.09 | -0.33  +0.37 | 0.13 0.26 | 0.18 0.12 | 0.62
   18 | +0.29  +0.29  +0.74  +0.36 | -0.13  -0.08 | -0.26  +0.27 | 0.13 0.28 | 0.18 0.13 | 0.61
   20 | +0.29  +0.32  +0.79  +0.31 | -0.14  -0.07 | -0.19  +0.15 | 0.13 0.28 | 0.18 0.13 | 0.59
   22 | +0.27  +0.30  +0.80  +0.30 | -0.18  -0.01 | -0.18  +0.10 | 0.13 0.29 | 0.19 0.13 | 0.58
   24 | +0.20  +0.29  +0.78  +0.29 | -0.15  +0.05 | -0.16  +0.08 | 0.14 0.28 | 0.20 0.12 | 0.60
   26 | +0.13  +0.28  +0.69  +0.25 | -0.09  +0.05 | -0.06  -0.00 | 0.15 0.28 | 0.20 0.12 | 0.62
   28 | +0.13  +0.30  +0.70  +0.22 | -0.08  +0.07 | -0.02  -0.04 | 0.14 0.29 | 0.19 0.13 | 0.61
   30 | +0.27  +0.38  +0.64  +0.18 | +0.07  +0.09 | +0.03  +0.06 | 0.14 0.31 | 0.20 0.15 | 0.68
   32 | +0.28  +0.31  +0.49  +0.21 | +0.08  +0.14 | +0.08  -0.00 | 0.17 0.29 | 0.21 0.16 | 0.83
   34 | +0.30  +0.24  +0.44  +0.24 | +0.01  +0.14 | -0.00  +0.04 | 0.18 0.28 | 0.23 0.14 | 0.75
   36 | +0.31  +0.22  +0.44  +0.22 | -0.01  +0.20 | -0.04  +0.07 | 0.19 0.27 | 0.24 0.13 | 0.70
