## gemma2_2b major [last]  corpus PMI: circulant fraction 0.50; targets' mutual RSA:
layer |           PMI |      PMI_circ |     PMI_resid |  -fifths_dist |   -chrom_dist |   black_block |    commonness |   same_letter |   -alpha_dist  (Spearman, z vs relabel null)
    0 | +0.35 (+2.8) | +0.40 (+3.2) | +0.03 (+0.2) | +0.40 (+3.2) | -0.07 (-0.5) | +0.83 (+6.8) | +0.20 (+1.6) | -0.15 (-1.2) | -0.09 (-0.7)
    1 | +0.35 (+2.8) | +0.43 (+3.4) | +0.01 (+0.1) | +0.39 (+3.1) | +0.01 (+0.0) | +0.82 (+6.7) | +0.23 (+2.0) | +0.00 (+0.0) | +0.00 (+0.0)
    2 | +0.28 (+2.2) | +0.38 (+3.0) | -0.04 (-0.3) | +0.37 (+2.9) | -0.02 (-0.2) | +0.84 (+6.8) | +0.23 (+2.0) | -0.07 (-0.5) | -0.03 (-0.3)
    3 | +0.26 (+2.1) | +0.37 (+3.0) | -0.03 (-0.3) | +0.35 (+2.7) | +0.03 (+0.2) | +0.80 (+6.6) | +0.26 (+2.1) | -0.02 (-0.2) | -0.00 (-0.0)
    4 | +0.20 (+1.6) | +0.33 (+2.7) | -0.08 (-0.6) | +0.31 (+2.5) | +0.02 (+0.2) | +0.76 (+6.4) | +0.34 (+2.3) | -0.02 (-0.2) | +0.00 (+0.0)
    5 | +0.18 (+1.4) | +0.29 (+2.4) | -0.06 (-0.5) | +0.27 (+2.2) | +0.01 (+0.1) | +0.77 (+6.4) | +0.36 (+2.4) | -0.04 (-0.3) | +0.02 (+0.2)
    6 | +0.16 (+1.3) | +0.27 (+2.2) | -0.07 (-0.6) | +0.26 (+2.1) | -0.01 (-0.1) | +0.76 (+6.3) | +0.36 (+2.6) | -0.04 (-0.3) | +0.01 (+0.1)
    7 | +0.13 (+1.1) | +0.23 (+1.9) | -0.09 (-0.7) | +0.24 (+2.0) | -0.04 (-0.4) | +0.75 (+6.1) | +0.34 (+2.5) | -0.08 (-0.6) | -0.01 (-0.1)
    8 | +0.18 (+1.4) | +0.26 (+2.1) | -0.06 (-0.5) | +0.25 (+2.0) | -0.00 (-0.0) | +0.76 (+6.2) | +0.32 (+2.6) | -0.03 (-0.2) | +0.04 (+0.3)
    9 | +0.16 (+1.2) | +0.27 (+2.1) | -0.09 (-0.8) | +0.27 (+2.1) | -0.01 (-0.1) | +0.76 (+6.2) | +0.32 (+2.6) | -0.05 (-0.4) | +0.02 (+0.2)
   10 | +0.18 (+1.4) | +0.27 (+2.1) | -0.08 (-0.7) | +0.26 (+2.0) | +0.00 (-0.0) | +0.72 (+5.8) | +0.27 (+2.6) | -0.00 (-0.0) | +0.06 (+0.5)
   11 | +0.19 (+1.5) | +0.28 (+2.1) | -0.05 (-0.4) | +0.26 (+2.0) | -0.00 (-0.1) | +0.70 (+5.7) | +0.28 (+2.5) | -0.00 (-0.0) | +0.05 (+0.4)
   12 | +0.19 (+1.5) | +0.27 (+2.1) | -0.05 (-0.4) | +0.27 (+2.0) | -0.03 (-0.3) | +0.72 (+5.7) | +0.24 (+2.5) | -0.04 (-0.3) | +0.02 (+0.2)
   13 | +0.25 (+2.0) | +0.31 (+2.4) | -0.01 (-0.1) | +0.29 (+2.3) | -0.01 (-0.1) | +0.76 (+6.2) | +0.33 (+2.7) | -0.04 (-0.3) | +0.02 (+0.2)
   14 | +0.25 (+2.0) | +0.32 (+2.6) | -0.00 (-0.0) | +0.30 (+2.4) | -0.01 (-0.1) | +0.76 (+6.3) | +0.38 (+2.7) | -0.06 (-0.5) | +0.02 (+0.2)
   15 | +0.28 (+2.2) | +0.33 (+2.6) | +0.02 (+0.1) | +0.31 (+2.4) | -0.00 (-0.0) | +0.79 (+6.5) | +0.33 (+2.6) | -0.06 (-0.4) | -0.01 (-0.0)
   16 | +0.26 (+2.1) | +0.30 (+2.4) | +0.01 (+0.1) | +0.28 (+2.2) | -0.02 (-0.2) | +0.75 (+6.1) | +0.23 (+2.1) | +0.01 (+0.1) | -0.02 (-0.1)
   17 | +0.27 (+2.2) | +0.35 (+2.8) | -0.00 (-0.0) | +0.32 (+2.6) | -0.01 (-0.1) | +0.77 (+6.4) | +0.30 (+2.4) | +0.02 (+0.1) | -0.00 (+0.0)
   18 | +0.24 (+1.9) | +0.33 (+2.6) | -0.05 (-0.4) | +0.29 (+2.2) | +0.05 (+0.4) | +0.69 (+5.7) | +0.30 (+2.5) | +0.14 (+1.1) | +0.12 (+1.0)
   19 | +0.21 (+1.6) | +0.27 (+2.1) | -0.04 (-0.3) | +0.22 (+1.7) | +0.05 (+0.4) | +0.66 (+5.3) | +0.23 (+2.1) | +0.17 (+1.4) | +0.07 (+0.6)
   20 | +0.27 (+2.1) | +0.41 (+3.2) | -0.11 (-0.9) | +0.38 (+2.9) | +0.00 (+0.0) | +0.73 (+5.8) | +0.20 (+2.3) | +0.09 (+0.7) | +0.11 (+0.9)
   21 | +0.30 (+2.4) | +0.44 (+3.4) | -0.09 (-0.7) | +0.41 (+3.1) | +0.04 (+0.3) | +0.77 (+6.2) | +0.17 (+1.9) | +0.07 (+0.5) | +0.11 (+0.9)
   22 | +0.36 (+2.9) | +0.48 (+3.6) | -0.04 (-0.3) | +0.43 (+3.3) | -0.00 (-0.0) | +0.80 (+6.4) | +0.13 (+1.5) | +0.06 (+0.4) | +0.06 (+0.5)
   23 | +0.36 (+2.8) | +0.48 (+3.7) | -0.07 (-0.5) | +0.45 (+3.4) | -0.01 (-0.1) | +0.78 (+6.3) | +0.14 (+1.6) | +0.08 (+0.6) | +0.12 (+1.0)
   24 | +0.37 (+2.9) | +0.48 (+3.6) | -0.03 (-0.2) | +0.45 (+3.3) | -0.02 (-0.2) | +0.82 (+6.6) | +0.13 (+1.6) | +0.05 (+0.3) | +0.08 (+0.7)
   25 | +0.35 (+2.7) | +0.40 (+3.0) | +0.02 (+0.1) | +0.39 (+2.9) | -0.07 (-0.5) | +0.83 (+6.6) | +0.15 (+2.0) | -0.03 (-0.2) | +0.01 (+0.1)
   26 | +0.19 (+1.5) | +0.21 (+1.6) | +0.05 (+0.4) | +0.23 (+1.7) | -0.17 (-1.3) | +0.62 (+4.8) | +0.17 (+2.4) | -0.20 (-1.5) | -0.11 (-0.9)
    0  fifths=+0.025  chrom=+0.057  PMI=-0.056   [corpus PMI itself: fifths=+0.623 chrom=+0.031]
    2  fifths=-0.016  chrom=+0.060  PMI=-0.214   [corpus PMI itself: fifths=+0.623 chrom=+0.031]
    4  fifths=-0.034  chrom=+0.078  PMI=-0.298   [corpus PMI itself: fifths=+0.623 chrom=+0.031]
    6  fifths=-0.127  chrom=+0.004  PMI=-0.365   [corpus PMI itself: fifths=+0.623 chrom=+0.031]
    8  fifths=-0.137  chrom=-0.023  PMI=-0.321   [corpus PMI itself: fifths=+0.623 chrom=+0.031]
   10  fifths=-0.086  chrom=-0.042  PMI=-0.258   [corpus PMI itself: fifths=+0.623 chrom=+0.031]
   12  fifths=-0.079  chrom=-0.047  PMI=-0.215   [corpus PMI itself: fifths=+0.623 chrom=+0.031]
   14  fifths=-0.053  chrom=-0.005  PMI=-0.206   [corpus PMI itself: fifths=+0.623 chrom=+0.031]
   16  fifths=-0.073  chrom=+0.005  PMI=-0.124   [corpus PMI itself: fifths=+0.623 chrom=+0.031]
   18  fifths=+0.048  chrom=-0.050  PMI=-0.107   [corpus PMI itself: fifths=+0.623 chrom=+0.031]
   20  fifths=+0.176  chrom=-0.125  PMI=-0.062   [corpus PMI itself: fifths=+0.623 chrom=+0.031]
   22  fifths=+0.223  chrom=-0.077  PMI=+0.079   [corpus PMI itself: fifths=+0.623 chrom=+0.031]
   24  fifths=+0.248  chrom=-0.156  PMI=+0.085   [corpus PMI itself: fifths=+0.623 chrom=+0.031]
   26  fifths=-0.127  chrom=-0.116  PMI=-0.154   [corpus PMI itself: fifths=+0.623 chrom=+0.031]
