## olmo2_7b major [last]  corpus PMI: circulant fraction 0.50; targets' mutual RSA:
layer |           PMI |      PMI_circ |     PMI_resid |  -fifths_dist |   -chrom_dist |   black_block |    commonness |   same_letter |   -alpha_dist  (Spearman, z vs relabel null)
    0 | +0.29 (+2.7) | +0.21 (+3.1) | +0.13 (+0.9) | +0.18 (+2.5) | +0.05 (+0.7) | +0.46 (+5.1) | +0.48 (+1.9) | +0.01 (+0.1) | -0.08 (-0.6)
    1 | +0.33 (+3.1) | +0.23 (+3.5) | +0.14 (+1.0) | +0.22 (+3.2) | +0.01 (+0.1) | +0.54 (+6.0) | +0.51 (+2.0) | -0.07 (-0.9) | -0.10 (-0.7)
    2 | +0.26 (+2.4) | +0.21 (+2.9) | +0.09 (+0.6) | +0.19 (+2.5) | +0.04 (+0.5) | +0.56 (+5.9) | +0.50 (+2.0) | -0.04 (-0.5) | -0.11 (-0.8)
    3 | +0.26 (+2.3) | +0.25 (+2.9) | +0.07 (+0.5) | +0.22 (+2.5) | +0.05 (+0.5) | +0.61 (+6.2) | +0.47 (+2.0) | -0.03 (-0.3) | -0.08 (-0.6)
    4 | +0.30 (+2.6) | +0.32 (+3.2) | +0.07 (+0.5) | +0.29 (+2.9) | +0.04 (+0.3) | +0.69 (+6.5) | +0.44 (+2.1) | -0.04 (-0.4) | -0.06 (-0.4)
    5 | +0.32 (+2.7) | +0.36 (+3.5) | +0.03 (+0.2) | +0.33 (+3.2) | +0.02 (+0.2) | +0.72 (+6.6) | +0.41 (+2.1) | -0.04 (-0.4) | -0.06 (-0.5)
    6 | +0.35 (+3.0) | +0.41 (+3.6) | +0.03 (+0.3) | +0.37 (+3.2) | +0.02 (+0.1) | +0.74 (+6.5) | +0.37 (+2.2) | -0.06 (-0.5) | -0.03 (-0.2)
    7 | +0.34 (+2.8) | +0.43 (+3.5) | -0.01 (-0.1) | +0.41 (+3.3) | -0.00 (-0.0) | +0.77 (+6.4) | +0.32 (+2.4) | -0.08 (-0.7) | -0.03 (-0.3)
    8 | +0.35 (+2.8) | +0.44 (+3.6) | -0.00 (-0.0) | +0.42 (+3.4) | +0.04 (+0.3) | +0.79 (+6.5) | +0.34 (+2.5) | -0.09 (-0.8) | -0.01 (-0.1)
    9 | +0.36 (+3.0) | +0.45 (+3.6) | +0.01 (+0.1) | +0.44 (+3.5) | +0.02 (+0.2) | +0.80 (+6.6) | +0.34 (+2.6) | -0.10 (-0.8) | -0.02 (-0.2)
   10 | +0.39 (+3.1) | +0.47 (+3.7) | +0.02 (+0.2) | +0.46 (+3.6) | -0.00 (-0.0) | +0.82 (+6.7) | +0.34 (+2.7) | -0.12 (-1.0) | -0.04 (-0.3)
   11 | +0.41 (+3.4) | +0.49 (+3.9) | +0.03 (+0.2) | +0.48 (+3.8) | -0.02 (-0.2) | +0.82 (+6.7) | +0.33 (+2.7) | -0.14 (-1.1) | -0.07 (-0.5)
   12 | +0.42 (+3.4) | +0.49 (+3.9) | +0.04 (+0.4) | +0.48 (+3.8) | -0.02 (-0.2) | +0.82 (+6.8) | +0.34 (+2.7) | -0.15 (-1.2) | -0.06 (-0.5)
   13 | +0.43 (+3.5) | +0.50 (+3.9) | +0.04 (+0.3) | +0.49 (+3.8) | -0.04 (-0.3) | +0.83 (+6.9) | +0.32 (+2.7) | -0.13 (-1.1) | -0.07 (-0.6)
   14 | +0.44 (+3.5) | +0.49 (+3.9) | +0.06 (+0.5) | +0.49 (+3.8) | -0.04 (-0.3) | +0.84 (+6.9) | +0.31 (+2.7) | -0.13 (-1.0) | -0.08 (-0.6)
   15 | +0.43 (+3.5) | +0.50 (+3.9) | +0.06 (+0.5) | +0.49 (+3.8) | -0.04 (-0.3) | +0.84 (+6.9) | +0.30 (+2.6) | -0.13 (-1.1) | -0.07 (-0.5)
   16 | +0.44 (+3.6) | +0.49 (+3.8) | +0.08 (+0.6) | +0.47 (+3.7) | -0.03 (-0.3) | +0.85 (+6.9) | +0.31 (+2.7) | -0.13 (-1.1) | -0.06 (-0.4)
   17 | +0.39 (+3.1) | +0.48 (+3.7) | +0.00 (+0.0) | +0.45 (+3.4) | -0.00 (-0.0) | +0.85 (+6.9) | +0.27 (+2.5) | -0.01 (-0.1) | -0.00 (+0.0)
   18 | +0.38 (+3.0) | +0.47 (+3.7) | -0.00 (-0.0) | +0.45 (+3.5) | -0.02 (-0.2) | +0.83 (+6.8) | +0.30 (+2.9) | -0.01 (-0.1) | -0.03 (-0.2)
   19 | +0.39 (+3.1) | +0.48 (+3.7) | +0.02 (+0.1) | +0.45 (+3.5) | -0.03 (-0.2) | +0.83 (+6.8) | +0.26 (+2.6) | -0.02 (-0.1) | -0.02 (-0.1)
   20 | +0.38 (+3.1) | +0.47 (+3.6) | +0.01 (+0.1) | +0.44 (+3.4) | -0.01 (-0.1) | +0.83 (+6.7) | +0.26 (+2.7) | -0.01 (-0.1) | -0.01 (-0.1)
   21 | +0.37 (+3.0) | +0.47 (+3.6) | -0.01 (-0.0) | +0.43 (+3.3) | -0.01 (-0.1) | +0.82 (+6.6) | +0.23 (+2.5) | -0.00 (-0.0) | +0.03 (+0.3)
   22 | +0.41 (+3.2) | +0.49 (+3.7) | +0.02 (+0.2) | +0.46 (+3.4) | -0.02 (-0.2) | +0.82 (+6.6) | +0.23 (+2.6) | -0.00 (-0.0) | +0.01 (+0.1)
   23 | +0.42 (+3.3) | +0.50 (+3.8) | +0.01 (+0.1) | +0.46 (+3.5) | -0.03 (-0.3) | +0.83 (+6.6) | +0.20 (+2.4) | -0.00 (-0.0) | +0.01 (+0.1)
   24 | +0.43 (+3.4) | +0.52 (+3.9) | -0.01 (-0.0) | +0.49 (+3.6) | -0.05 (-0.4) | +0.83 (+6.6) | +0.18 (+2.2) | -0.00 (-0.0) | -0.01 (-0.1)
   25 | +0.42 (+3.3) | +0.51 (+3.9) | -0.02 (-0.1) | +0.49 (+3.6) | -0.06 (-0.4) | +0.83 (+6.6) | +0.18 (+2.2) | -0.00 (-0.0) | -0.01 (-0.1)
   26 | +0.43 (+3.3) | +0.53 (+4.0) | -0.03 (-0.2) | +0.51 (+3.8) | -0.06 (-0.4) | +0.83 (+6.6) | +0.19 (+2.5) | -0.02 (-0.2) | -0.01 (-0.1)
   27 | +0.42 (+3.3) | +0.52 (+3.9) | -0.03 (-0.2) | +0.51 (+3.8) | -0.07 (-0.5) | +0.82 (+6.5) | +0.19 (+2.5) | -0.02 (-0.1) | -0.02 (-0.2)
   28 | +0.42 (+3.3) | +0.52 (+3.9) | -0.04 (-0.3) | +0.50 (+3.8) | -0.07 (-0.5) | +0.82 (+6.6) | +0.18 (+2.4) | -0.02 (-0.1) | -0.00 (-0.0)
   29 | +0.40 (+3.2) | +0.52 (+3.9) | -0.06 (-0.4) | +0.51 (+3.8) | -0.08 (-0.6) | +0.83 (+6.6) | +0.17 (+2.4) | -0.04 (-0.3) | -0.02 (-0.1)
   30 | +0.42 (+3.3) | +0.53 (+4.0) | -0.04 (-0.3) | +0.52 (+3.9) | -0.08 (-0.6) | +0.84 (+6.7) | +0.16 (+2.3) | -0.05 (-0.4) | -0.03 (-0.2)
   31 | +0.41 (+3.2) | +0.48 (+3.6) | +0.00 (+0.0) | +0.48 (+3.5) | -0.08 (-0.6) | +0.85 (+6.8) | +0.14 (+2.3) | -0.07 (-0.5) | -0.05 (-0.4)
   32 | +0.39 (+3.0) | +0.44 (+3.3) | +0.03 (+0.2) | +0.44 (+3.2) | -0.13 (-1.0) | +0.86 (+6.8) | +0.15 (+2.2) | -0.15 (-1.1) | -0.12 (-1.0)
    0  fifths=-0.008  chrom=+0.173  PMI=+0.070   [corpus PMI itself: fifths=+0.623 chrom=+0.031]
    2  fifths=-0.078  chrom=+0.199  PMI=-0.058   [corpus PMI itself: fifths=+0.623 chrom=+0.031]
    4  fifths=-0.016  chrom=+0.172  PMI=-0.065   [corpus PMI itself: fifths=+0.623 chrom=+0.031]
    6  fifths=+0.094  chrom=+0.114  PMI=+0.005   [corpus PMI itself: fifths=+0.623 chrom=+0.031]
    8  fifths=+0.143  chrom=+0.172  PMI=-0.046   [corpus PMI itself: fifths=+0.623 chrom=+0.031]
   10  fifths=+0.188  chrom=+0.123  PMI=+0.011   [corpus PMI itself: fifths=+0.623 chrom=+0.031]
   12  fifths=+0.218  chrom=+0.118  PMI=+0.068   [corpus PMI itself: fifths=+0.623 chrom=+0.031]
   14  fifths=+0.231  chrom=+0.086  PMI=+0.099   [corpus PMI itself: fifths=+0.623 chrom=+0.031]
   16  fifths=+0.198  chrom=+0.078  PMI=+0.110   [corpus PMI itself: fifths=+0.623 chrom=+0.031]
   18  fifths=+0.219  chrom=+0.023  PMI=+0.008   [corpus PMI itself: fifths=+0.623 chrom=+0.031]
   20  fifths=+0.202  chrom=+0.023  PMI=+0.043   [corpus PMI itself: fifths=+0.623 chrom=+0.031]
   22  fifths=+0.233  chrom=-0.024  PMI=+0.110   [corpus PMI itself: fifths=+0.623 chrom=+0.031]
   24  fifths=+0.300  chrom=-0.080  PMI=+0.162   [corpus PMI itself: fifths=+0.623 chrom=+0.031]
   26  fifths=+0.340  chrom=-0.077  PMI=+0.156   [corpus PMI itself: fifths=+0.623 chrom=+0.031]
   28  fifths=+0.324  chrom=-0.125  PMI=+0.137   [corpus PMI itself: fifths=+0.623 chrom=+0.031]
   30  fifths=+0.342  chrom=-0.111  PMI=+0.140   [corpus PMI itself: fifths=+0.623 chrom=+0.031]
   32  fifths=+0.086  chrom=-0.065  PMI=+0.015   [corpus PMI itself: fifths=+0.623 chrom=+0.031]
