/home/moloch/Documents/Research/pitch_fourier/scripts/multictx_analyze.py:45: RuntimeWarning: invalid value encountered in divide
  v = paired_vector(mode_energies(Havg)); p = v / v.sum()
/home/moloch/Documents/Research/pitch_fourier/scripts/multictx_analyze.py:46: RuntimeWarning: invalid value encountered in divide
  Hb = project_out(Havg, BLACK); vb = paired_vector(mode_energies(Hb)); pb = vb / vb.sum()
/home/moloch/Documents/Research/pitch_fourier/scripts/multictx_analyze.py:23: ConstantInputWarning: An input array is constant; the correlation coefficient is not defined.
  return float(spearmanr(G[u], C[u]).correlation)
/home/moloch/Documents/Research/pitch_fourier/pf/fourier.py:192: ConstantInputWarning: An input array is constant; the correlation coefficient is not defined.
  return float(spearmanr(D[iu], L[iu]).correlation)
## olmo2_7b major [anchor]  n_ctx=24
layer  P1    P5   | P1b   P5b  | iso7 | whiteRSA f/c  | GramRSA(z,p)  ctx mean±sd | GramRSA blackproj (z) | white-only
    0 nan nan | nan nan | nan | +nan +nan | +nan (+nan,0.000) +nan±nan | +nan (+nan) | +nan
    1 0.150 0.302 | 0.200 0.129 | 0.59 | +0.05 -0.06 | +0.286 (+2.2,0.036) +0.285±0.007 | +0.110 (+0.0) | +0.091
    2 0.174 0.250 | 0.211 0.109 | 0.60 | +0.03 +0.04 | +0.272 (+2.1,0.031) +0.278±0.020 | +0.206 (+0.4) | +0.118
    3 0.191 0.240 | 0.231 0.099 | 0.60 | -0.12 +0.00 | +0.321 (+2.6,0.013) +0.315±0.037 | +0.120 (-0.4) | +0.126
    4 0.187 0.250 | 0.229 0.100 | 0.59 | -0.07 +0.02 | +0.321 (+2.4,0.015) +0.324±0.036 | +0.130 (-0.3) | +0.075
    5 0.182 0.267 | 0.228 0.104 | 0.58 | -0.07 -0.00 | +0.377 (+2.8,0.007) +0.360±0.041 | +0.169 (+0.1) | +0.103
    6 0.181 0.271 | 0.228 0.106 | 0.58 | -0.02 +0.05 | +0.387 (+3.0,0.005) +0.372±0.038 | +0.211 (+0.5) | +0.144
    7 0.178 0.272 | 0.225 0.109 | 0.59 | -0.03 +0.06 | +0.389 (+2.9,0.006) +0.373±0.039 | +0.177 (+0.2) | +0.144
    8 0.170 0.289 | 0.220 0.117 | 0.58 | -0.00 +0.09 | +0.391 (+3.0,0.009) +0.379±0.052 | +0.188 (+0.4) | +0.208
    9 0.171 0.300 | 0.225 0.119 | 0.56 | +0.04 +0.08 | +0.405 (+3.1,0.008) +0.391±0.058 | +0.239 (+0.8) | +0.197
   10 0.163 0.317 | 0.219 0.124 | 0.55 | +0.04 +0.09 | +0.440 (+3.4,0.003) +0.405±0.065 | +0.222 (+0.7) | +0.201
   11 0.157 0.331 | 0.215 0.130 | 0.54 | -0.00 +0.13 | +0.453 (+3.5,0.001) +0.419±0.075 | +0.231 (+0.8) | +0.262
   12 0.153 0.337 | 0.211 0.134 | 0.54 | +0.06 +0.13 | +0.459 (+3.5,0.003) +0.417±0.080 | +0.248 (+1.0) | +0.335
   13 0.150 0.340 | 0.207 0.138 | 0.55 | +0.06 +0.12 | +0.454 (+3.6,0.004) +0.415±0.087 | +0.254 (+1.2) | +0.403
   14 0.145 0.338 | 0.201 0.137 | 0.54 | +0.08 +0.10 | +0.443 (+3.5,0.004) +0.403±0.091 | +0.225 (+0.8) | +0.374
   15 0.144 0.339 | 0.199 0.140 | 0.56 | +0.07 +0.10 | +0.434 (+3.3,0.004) +0.401±0.097 | +0.226 (+0.9) | +0.387
   16 0.142 0.341 | 0.199 0.141 | 0.55 | +0.07 +0.14 | +0.432 (+3.4,0.004) +0.397±0.104 | +0.205 (+0.7) | +0.375
   17 0.143 0.338 | 0.198 0.140 | 0.55 | +0.08 +0.10 | +0.422 (+3.1,0.003) +0.387±0.109 | +0.193 (+0.5) | +0.322
   18 0.205 0.270 | 0.264 0.094 | 0.52 | +0.30 +0.17 | +0.340 (+2.6,0.010) +0.368±0.094 | +0.191 (+0.4) | +0.251
   19 0.199 0.275 | 0.259 0.099 | 0.54 | +0.12 +0.23 | +0.334 (+2.5,0.013) +0.357±0.111 | +0.172 (+0.3) | +0.261
   20 0.199 0.274 | 0.259 0.098 | 0.54 | +0.05 +0.21 | +0.322 (+2.4,0.015) +0.339±0.121 | +0.145 (-0.0) | +0.238
   21 0.201 0.278 | 0.265 0.098 | 0.53 | +0.12 +0.13 | +0.317 (+2.3,0.021) +0.332±0.126 | +0.139 (-0.0) | +0.122
   22 0.201 0.276 | 0.264 0.099 | 0.53 | +0.07 +0.16 | +0.298 (+2.3,0.017) +0.316±0.135 | +0.121 (-0.2) | +0.061
   23 0.198 0.277 | 0.261 0.098 | 0.53 | +0.05 +0.17 | +0.288 (+2.1,0.032) +0.307±0.143 | +0.093 (-0.3) | +0.032
   24 0.197 0.278 | 0.258 0.098 | 0.53 | +0.05 +0.17 | +0.281 (+2.2,0.030) +0.297±0.148 | +0.075 (-0.5) | +0.032
   25 0.196 0.275 | 0.256 0.098 | 0.53 | +0.01 +0.16 | +0.274 (+2.1,0.035) +0.285±0.151 | +0.055 (-0.6) | +0.022
   26 0.196 0.274 | 0.255 0.098 | 0.53 | +0.03 +0.19 | +0.259 (+2.0,0.037) +0.279±0.157 | +0.050 (-0.7) | +0.012
   27 0.194 0.272 | 0.253 0.097 | 0.53 | -0.02 +0.18 | +0.248 (+1.8,0.048) +0.268±0.158 | +0.043 (-0.7) | -0.003
   28 0.193 0.271 | 0.252 0.096 | 0.53 | -0.02 +0.18 | +0.243 (+1.8,0.055) +0.266±0.159 | +0.038 (-0.7) | -0.003
   29 0.193 0.273 | 0.252 0.097 | 0.53 | -0.02 +0.17 | +0.248 (+1.9,0.043) +0.266±0.161 | +0.031 (-0.8) | -0.003
   30 0.193 0.274 | 0.254 0.095 | 0.52 | -0.03 +0.18 | +0.252 (+1.9,0.037) +0.265±0.161 | +0.048 (-0.6) | +0.010
   31 0.189 0.279 | 0.251 0.095 | 0.52 | -0.01 +0.16 | +0.249 (+1.8,0.046) +0.265±0.163 | +0.061 (-0.5) | +0.010
   32 0.187 0.287 | 0.250 0.095 | 0.50 | +0.01 +0.18 | +0.268 (+2.1,0.034) +0.267±0.172 | +0.040 (-0.7) | +0.119
## olmo2_7b major [mean]  n_ctx=24
layer  P1    P5   | P1b   P5b  | iso7 | whiteRSA f/c  | GramRSA(z,p)  ctx mean±sd | GramRSA blackproj (z) | white-only
    0 0.201 0.203 | 0.247 0.055 | 0.49 | +0.09 -0.28 | +0.251 (+3.0,0.007) +0.251±0.000 | +0.070 (-0.1) | +0.200
    1 0.199 0.210 | 0.248 0.057 | 0.49 | +0.05 -0.33 | +0.275 (+3.3,0.009) +0.277±0.005 | +0.056 (-0.2) | +0.181
    2 0.198 0.215 | 0.250 0.061 | 0.50 | -0.02 -0.31 | +0.300 (+3.5,0.008) +0.303±0.008 | +0.080 (-0.1) | +0.166
    3 0.199 0.218 | 0.251 0.062 | 0.51 | -0.09 -0.26 | +0.316 (+3.7,0.005) +0.316±0.015 | +0.088 (-0.1) | +0.118
    4 0.202 0.229 | 0.258 0.066 | 0.50 | +0.01 -0.10 | +0.348 (+3.5,0.004) +0.346±0.034 | +0.153 (+0.4) | +0.175
    5 0.201 0.241 | 0.262 0.070 | 0.50 | +0.09 +0.05 | +0.368 (+3.1,0.012) +0.372±0.056 | +0.198 (+0.8) | +0.229
    6 0.200 0.254 | 0.264 0.075 | 0.50 | +0.02 +0.18 | +0.389 (+3.6,0.004) +0.393±0.066 | +0.207 (+0.8) | +0.156
    7 0.199 0.270 | 0.270 0.078 | 0.49 | +0.18 +0.25 | +0.415 (+3.7,0.002) +0.410±0.097 | +0.224 (+1.0) | +0.158
    8 0.209 0.282 | 0.288 0.082 | 0.49 | +0.13 +0.48 | +0.454 (+3.9,0.001) +0.413±0.115 | +0.241 (+1.1) | +0.162
    9 0.207 0.289 | 0.289 0.082 | 0.48 | +0.11 +0.44 | +0.469 (+4.2,0.002) +0.417±0.129 | +0.235 (+1.1) | +0.192
   10 0.201 0.304 | 0.287 0.084 | 0.47 | +0.16 +0.43 | +0.506 (+4.5,0.000) +0.429±0.138 | +0.229 (+1.0) | +0.179
   11 0.195 0.318 | 0.284 0.088 | 0.46 | +0.13 +0.41 | +0.537 (+4.5,0.001) +0.446±0.148 | +0.246 (+1.2) | +0.252
   12 0.191 0.326 | 0.282 0.089 | 0.45 | +0.10 +0.37 | +0.552 (+4.4,0.001) +0.453±0.155 | +0.228 (+1.0) | +0.299
   13 0.186 0.340 | 0.283 0.089 | 0.44 | +0.06 +0.24 | +0.568 (+4.7,0.001) +0.469±0.149 | +0.248 (+1.2) | +0.309
   14 0.185 0.347 | 0.286 0.087 | 0.42 | +0.20 +0.19 | +0.579 (+4.8,0.000) +0.477±0.142 | +0.252 (+1.2) | +0.249
   15 0.179 0.356 | 0.281 0.087 | 0.41 | +0.15 +0.08 | +0.586 (+4.7,0.000) +0.481±0.138 | +0.219 (+0.9) | +0.221
   16 0.178 0.359 | 0.284 0.086 | 0.40 | +0.09 -0.01 | +0.580 (+4.6,0.001) +0.478±0.136 | +0.188 (+0.7) | +0.291
   17 0.213 0.281 | 0.291 0.069 | 0.42 | +0.28 -0.11 | +0.489 (+4.0,0.003) +0.436±0.115 | +0.184 (+0.5) | +0.160
   18 0.200 0.310 | 0.285 0.068 | 0.38 | +0.44 +0.02 | +0.479 (+3.7,0.003) +0.451±0.089 | +0.105 (-0.1) | +0.177
   19 0.204 0.302 | 0.285 0.068 | 0.39 | +0.26 -0.20 | +0.491 (+3.8,0.003) +0.453±0.095 | +0.109 (-0.1) | +0.147
   20 0.199 0.293 | 0.272 0.069 | 0.41 | +0.30 -0.21 | +0.504 (+4.0,0.001) +0.469±0.084 | +0.124 (-0.1) | +0.234
   21 0.211 0.267 | 0.277 0.065 | 0.42 | +0.33 -0.30 | +0.474 (+3.7,0.003) +0.446±0.093 | +0.098 (-0.3) | +0.145
   22 0.211 0.260 | 0.271 0.067 | 0.43 | +0.27 -0.13 | +0.481 (+3.9,0.002) +0.448±0.089 | +0.134 (-0.1) | +0.208
   23 0.206 0.262 | 0.265 0.068 | 0.44 | +0.30 -0.17 | +0.479 (+3.8,0.002) +0.450±0.090 | +0.152 (+0.0) | +0.268
   24 0.204 0.258 | 0.259 0.071 | 0.46 | +0.44 -0.16 | +0.475 (+3.8,0.003) +0.452±0.086 | +0.143 (-0.1) | +0.329
   25 0.203 0.254 | 0.255 0.073 | 0.47 | +0.37 -0.21 | +0.478 (+3.8,0.001) +0.447±0.093 | +0.142 (-0.1) | +0.421
   26 0.204 0.255 | 0.254 0.076 | 0.48 | +0.64 -0.02 | +0.453 (+3.5,0.004) +0.439±0.088 | +0.146 (-0.1) | +0.442
   27 0.203 0.252 | 0.252 0.076 | 0.48 | +0.64 -0.02 | +0.453 (+3.5,0.004) +0.432±0.091 | +0.148 (-0.1) | +0.474
   28 0.200 0.252 | 0.248 0.078 | 0.49 | +0.66 -0.09 | +0.456 (+3.6,0.004) +0.432±0.088 | +0.141 (-0.1) | +0.445
   29 0.199 0.255 | 0.247 0.081 | 0.50 | +0.73 -0.02 | +0.463 (+3.7,0.003) +0.431±0.091 | +0.159 (-0.1) | +0.491
   30 0.193 0.261 | 0.241 0.085 | 0.51 | +0.78 +0.03 | +0.461 (+3.6,0.004) +0.429±0.097 | +0.155 (-0.1) | +0.505
   31 0.180 0.275 | 0.231 0.086 | 0.49 | +0.56 -0.08 | +0.477 (+3.7,0.003) +0.443±0.096 | +0.142 (-0.1) | +0.400
   32 0.174 0.273 | 0.225 0.086 | 0.49 | +0.46 -0.07 | +0.462 (+3.6,0.002) +0.427±0.115 | +0.137 (-0.2) | +0.297
## olmo2_7b major [last]  n_ctx=24
layer  P1    P5   | P1b   P5b  | iso7 | whiteRSA f/c  | GramRSA(z,p)  ctx mean±sd | GramRSA blackproj (z) | white-only
    0 0.190 0.210 | 0.235 0.070 | 0.56 | +0.09 -0.28 | +0.293 (+3.4,0.008) +0.293±0.000 | +0.090 (-0.0) | +0.244
    1 0.185 0.217 | 0.233 0.075 | 0.57 | +0.05 -0.33 | +0.332 (+3.7,0.004) +0.327±0.004 | +0.098 (-0.0) | +0.238
    2 0.183 0.221 | 0.231 0.087 | 0.63 | -0.02 -0.31 | +0.259 (+2.9,0.013) +0.265±0.010 | +0.206 (+0.8) | +0.199
    3 0.183 0.222 | 0.230 0.091 | 0.65 | -0.09 -0.26 | +0.275 (+2.9,0.018) +0.285±0.017 | +0.203 (+0.8) | +0.112
    4 0.181 0.234 | 0.232 0.097 | 0.65 | +0.01 -0.10 | +0.324 (+3.0,0.013) +0.330±0.027 | +0.260 (+1.4) | +0.101
    5 0.178 0.245 | 0.231 0.105 | 0.65 | +0.09 +0.05 | +0.352 (+3.3,0.010) +0.363±0.050 | +0.355 (+2.3) | +0.192
    6 0.175 0.259 | 0.230 0.113 | 0.65 | +0.02 +0.18 | +0.389 (+3.4,0.005) +0.376±0.068 | +0.348 (+2.1) | +0.129
    7 0.169 0.275 | 0.230 0.118 | 0.63 | +0.18 +0.25 | +0.374 (+2.9,0.011) +0.363±0.098 | +0.397 (+2.4) | +0.151
    8 0.175 0.285 | 0.241 0.124 | 0.64 | +0.13 +0.48 | +0.388 (+3.2,0.006) +0.345±0.106 | +0.425 (+2.7) | +0.192
    9 0.173 0.290 | 0.240 0.125 | 0.63 | +0.11 +0.44 | +0.404 (+3.4,0.005) +0.337±0.116 | +0.414 (+2.6) | +0.188
   10 0.167 0.303 | 0.237 0.129 | 0.62 | +0.16 +0.43 | +0.426 (+3.4,0.005) +0.356±0.120 | +0.412 (+2.6) | +0.173
   11 0.163 0.316 | 0.235 0.135 | 0.61 | +0.13 +0.41 | +0.451 (+3.6,0.003) +0.378±0.121 | +0.449 (+3.1) | +0.256
   12 0.159 0.322 | 0.233 0.137 | 0.61 | +0.10 +0.37 | +0.454 (+3.7,0.004) +0.377±0.125 | +0.445 (+3.1) | +0.194
   13 0.155 0.335 | 0.234 0.138 | 0.58 | +0.06 +0.24 | +0.471 (+3.7,0.003) +0.387±0.118 | +0.458 (+2.9) | +0.271
   14 0.153 0.343 | 0.236 0.137 | 0.56 | +0.20 +0.19 | +0.471 (+3.7,0.004) +0.404±0.116 | +0.439 (+3.0) | +0.190
   15 0.149 0.351 | 0.233 0.137 | 0.55 | +0.15 +0.08 | +0.469 (+3.9,0.002) +0.403±0.121 | +0.434 (+2.7) | +0.143
   16 0.148 0.354 | 0.235 0.135 | 0.54 | +0.09 -0.01 | +0.467 (+3.8,0.003) +0.397±0.123 | +0.402 (+2.6) | +0.219
   17 0.178 0.306 | 0.254 0.111 | 0.54 | +0.28 -0.11 | +0.443 (+3.5,0.003) +0.403±0.123 | +0.322 (+1.5) | +0.191
   18 0.171 0.320 | 0.249 0.108 | 0.50 | +0.44 +0.02 | +0.425 (+3.3,0.004) +0.403±0.112 | +0.207 (+0.6) | +0.230
   19 0.170 0.319 | 0.246 0.111 | 0.51 | +0.26 -0.20 | +0.439 (+3.4,0.004) +0.403±0.116 | +0.217 (+0.7) | +0.130
   20 0.167 0.313 | 0.238 0.108 | 0.51 | +0.30 -0.21 | +0.440 (+3.4,0.005) +0.419±0.115 | +0.205 (+0.6) | +0.257
   21 0.178 0.293 | 0.244 0.102 | 0.52 | +0.33 -0.30 | +0.429 (+3.4,0.003) +0.412±0.119 | +0.196 (+0.5) | +0.129
   22 0.178 0.287 | 0.240 0.103 | 0.53 | +0.27 -0.13 | +0.454 (+3.6,0.002) +0.419±0.114 | +0.205 (+0.5) | +0.213
   23 0.174 0.290 | 0.235 0.103 | 0.53 | +0.30 -0.17 | +0.469 (+3.7,0.003) +0.426±0.116 | +0.236 (+0.6) | +0.300
   24 0.171 0.288 | 0.228 0.108 | 0.55 | +0.44 -0.16 | +0.479 (+3.8,0.003) +0.431±0.119 | +0.252 (+0.9) | +0.538
   25 0.170 0.285 | 0.225 0.111 | 0.57 | +0.37 -0.21 | +0.474 (+3.6,0.004) +0.428±0.122 | +0.251 (+0.7) | +0.544
   26 0.170 0.286 | 0.222 0.115 | 0.58 | +0.64 -0.02 | +0.484 (+3.6,0.003) +0.429±0.122 | +0.232 (+0.6) | +0.555
   27 0.168 0.284 | 0.219 0.116 | 0.59 | +0.64 -0.02 | +0.483 (+3.7,0.003) +0.423±0.127 | +0.222 (+0.4) | +0.587
   28 0.165 0.285 | 0.215 0.120 | 0.60 | +0.66 -0.09 | +0.477 (+3.8,0.001) +0.421±0.123 | +0.245 (+0.7) | +0.604
   29 0.163 0.288 | 0.213 0.123 | 0.61 | +0.73 -0.02 | +0.464 (+3.5,0.005) +0.418±0.126 | +0.257 (+0.8) | +0.625
   30 0.158 0.295 | 0.207 0.130 | 0.62 | +0.78 +0.03 | +0.476 (+3.6,0.003) +0.419±0.131 | +0.274 (+1.0) | +0.608
   31 0.147 0.306 | 0.199 0.130 | 0.60 | +0.56 -0.08 | +0.444 (+3.2,0.005) +0.417±0.131 | +0.243 (+0.8) | +0.497
   32 0.141 0.304 | 0.192 0.129 | 0.59 | +0.46 -0.07 | +0.408 (+3.1,0.005) +0.408±0.150 | +0.225 (+0.6) | +0.366
## olmo2_7b minor [anchor]  n_ctx=24
layer  P1    P5   | P1b   P5b  | iso7 | whiteRSA f/c  | GramRSA(z,p)  ctx mean±sd | GramRSA blackproj (z) | white-only
    0 nan nan | nan nan | nan | +nan +nan | +nan (+nan,0.000) +nan±nan | +nan (+nan) | +nan
    1 0.151 0.335 | 0.198 0.145 | 0.51 | +0.10 +0.01 | +0.453 (+3.5,0.008) +0.451±0.021 | +0.323 (+2.0) | -0.003
    2 0.191 0.234 | 0.227 0.107 | 0.60 | +0.13 +0.09 | +0.377 (+2.9,0.004) +0.384±0.032 | +0.272 (+1.4) | +0.222
    3 0.216 0.225 | 0.255 0.099 | 0.63 | +0.02 +0.18 | +0.431 (+3.2,0.002) +0.448±0.036 | +0.322 (+1.8) | +0.192
    4 0.208 0.230 | 0.247 0.105 | 0.64 | +0.11 +0.17 | +0.444 (+3.5,0.002) +0.457±0.040 | +0.333 (+1.9) | +0.236
    5 0.204 0.245 | 0.246 0.113 | 0.65 | +0.16 +0.05 | +0.503 (+4.0,0.001) +0.511±0.036 | +0.373 (+2.2) | +0.203
    6 0.197 0.253 | 0.242 0.114 | 0.64 | +0.19 +0.10 | +0.545 (+4.2,0.000) +0.547±0.039 | +0.392 (+2.4) | +0.243
    7 0.196 0.266 | 0.245 0.116 | 0.61 | +0.11 +0.11 | +0.593 (+4.5,0.001) +0.582±0.046 | +0.395 (+2.5) | +0.264
    8 0.185 0.296 | 0.240 0.123 | 0.58 | +0.19 +0.10 | +0.665 (+5.2,0.000) +0.646±0.044 | +0.396 (+2.5) | +0.300
    9 0.181 0.311 | 0.241 0.123 | 0.56 | +0.19 +0.06 | +0.704 (+5.3,0.000) +0.681±0.039 | +0.429 (+2.6) | +0.295
   10 0.176 0.327 | 0.239 0.127 | 0.55 | +0.17 +0.05 | +0.713 (+5.4,0.000) +0.688±0.035 | +0.442 (+2.8) | +0.300
   11 0.173 0.338 | 0.236 0.130 | 0.53 | +0.26 +0.07 | +0.711 (+5.4,0.001) +0.686±0.036 | +0.439 (+3.0) | +0.279
   12 0.170 0.346 | 0.234 0.135 | 0.53 | +0.24 +0.07 | +0.708 (+5.3,0.000) +0.687±0.040 | +0.460 (+2.8) | +0.310
   13 0.169 0.352 | 0.235 0.136 | 0.52 | +0.26 +0.05 | +0.708 (+5.3,0.000) +0.685±0.040 | +0.462 (+2.8) | +0.306
   14 0.168 0.349 | 0.232 0.135 | 0.52 | +0.24 +0.04 | +0.697 (+5.4,0.000) +0.678±0.040 | +0.452 (+2.7) | +0.303
   15 0.165 0.357 | 0.232 0.140 | 0.53 | +0.27 +0.05 | +0.702 (+5.5,0.000) +0.677±0.042 | +0.457 (+2.8) | +0.257
   16 0.164 0.363 | 0.232 0.146 | 0.54 | +0.29 +0.04 | +0.704 (+5.6,0.000) +0.674±0.043 | +0.460 (+2.9) | +0.260
   17 0.165 0.361 | 0.232 0.149 | 0.55 | +0.24 +0.06 | +0.700 (+5.3,0.000) +0.666±0.046 | +0.465 (+2.9) | +0.279
   18 0.223 0.267 | 0.282 0.098 | 0.56 | +0.35 +0.20 | +0.647 (+5.0,0.000) +0.639±0.041 | +0.495 (+3.1) | +0.300
   19 0.216 0.290 | 0.281 0.113 | 0.57 | +0.30 +0.15 | +0.665 (+5.1,0.000) +0.647±0.049 | +0.495 (+3.0) | +0.252
   20 0.217 0.295 | 0.283 0.117 | 0.57 | +0.24 +0.19 | +0.659 (+5.0,0.001) +0.643±0.057 | +0.494 (+3.2) | +0.248
   21 0.221 0.297 | 0.290 0.113 | 0.56 | +0.32 +0.22 | +0.678 (+5.3,0.000) +0.648±0.062 | +0.484 (+3.1) | +0.238
   22 0.223 0.301 | 0.291 0.120 | 0.58 | +0.23 +0.22 | +0.674 (+5.0,0.000) +0.639±0.071 | +0.488 (+3.3) | +0.182
   23 0.218 0.311 | 0.287 0.127 | 0.58 | +0.25 +0.25 | +0.671 (+5.1,0.000) +0.635±0.081 | +0.485 (+3.1) | +0.191
   24 0.217 0.314 | 0.285 0.131 | 0.58 | +0.21 +0.25 | +0.664 (+5.0,0.001) +0.625±0.088 | +0.482 (+3.3) | +0.183
   25 0.216 0.317 | 0.284 0.135 | 0.58 | +0.19 +0.23 | +0.646 (+5.0,0.000) +0.617±0.094 | +0.480 (+3.1) | +0.188
   26 0.215 0.319 | 0.283 0.140 | 0.59 | +0.24 +0.21 | +0.633 (+4.7,0.001) +0.611±0.096 | +0.479 (+3.3) | +0.195
   27 0.213 0.324 | 0.282 0.143 | 0.59 | +0.22 +0.16 | +0.635 (+4.9,0.000) +0.609±0.100 | +0.478 (+2.8) | +0.209
   28 0.211 0.325 | 0.280 0.143 | 0.59 | +0.26 +0.14 | +0.635 (+4.6,0.001) +0.608±0.102 | +0.465 (+2.8) | +0.209
   29 0.209 0.330 | 0.278 0.146 | 0.58 | +0.25 +0.15 | +0.641 (+4.8,0.000) +0.608±0.102 | +0.479 (+3.1) | +0.195
   30 0.208 0.333 | 0.280 0.147 | 0.58 | +0.26 +0.15 | +0.644 (+4.9,0.000) +0.606±0.101 | +0.487 (+2.9) | +0.192
   31 0.204 0.339 | 0.275 0.153 | 0.58 | +0.28 +0.13 | +0.645 (+5.0,0.001) +0.607±0.101 | +0.490 (+3.3) | +0.203
   32 0.202 0.345 | 0.275 0.155 | 0.57 | +0.28 +0.16 | +0.653 (+5.0,0.000) +0.603±0.106 | +0.497 (+3.4) | +0.174
## olmo2_7b minor [mean]  n_ctx=24
layer  P1    P5   | P1b   P5b  | iso7 | whiteRSA f/c  | GramRSA(z,p)  ctx mean±sd | GramRSA blackproj (z) | white-only
    0 0.213 0.175 | 0.252 0.064 | 0.52 | +0.09 -0.28 | +0.323 (+3.3,0.001) +0.323±0.000 | +0.135 (+1.0) | +0.001
    1 0.209 0.190 | 0.251 0.067 | 0.53 | +0.05 -0.33 | +0.395 (+3.9,0.001) +0.398±0.006 | +0.172 (+1.2) | -0.044
    2 0.206 0.200 | 0.250 0.073 | 0.57 | -0.02 -0.31 | +0.409 (+4.0,0.000) +0.408±0.006 | +0.231 (+1.5) | -0.103
    3 0.208 0.208 | 0.253 0.075 | 0.58 | -0.09 -0.26 | +0.410 (+4.0,0.000) +0.409±0.012 | +0.316 (+2.3) | -0.103
    4 0.206 0.225 | 0.256 0.081 | 0.57 | +0.01 -0.10 | +0.470 (+4.5,0.000) +0.474±0.025 | +0.327 (+2.2) | +0.053
    5 0.202 0.241 | 0.255 0.089 | 0.58 | +0.09 +0.05 | +0.536 (+4.8,0.001) +0.531±0.038 | +0.425 (+3.1) | +0.214
    6 0.203 0.255 | 0.258 0.095 | 0.58 | +0.02 +0.18 | +0.570 (+5.1,0.000) +0.549±0.055 | +0.449 (+3.3) | +0.170
    7 0.198 0.279 | 0.259 0.103 | 0.56 | +0.18 +0.25 | +0.642 (+5.6,0.000) +0.586±0.084 | +0.465 (+3.4) | +0.366
    8 0.206 0.299 | 0.275 0.109 | 0.56 | +0.13 +0.48 | +0.677 (+5.4,0.000) +0.624±0.102 | +0.473 (+3.3) | +0.145
    9 0.204 0.305 | 0.274 0.110 | 0.56 | +0.11 +0.44 | +0.700 (+5.9,0.000) +0.637±0.114 | +0.482 (+3.4) | +0.178
   10 0.196 0.322 | 0.270 0.115 | 0.55 | +0.16 +0.43 | +0.724 (+5.9,0.000) +0.651±0.130 | +0.488 (+3.6) | +0.243
   11 0.190 0.330 | 0.264 0.120 | 0.56 | +0.13 +0.41 | +0.724 (+5.9,0.000) +0.652±0.141 | +0.493 (+3.4) | +0.310
   12 0.184 0.338 | 0.258 0.123 | 0.56 | +0.10 +0.37 | +0.739 (+6.0,0.000) +0.658±0.149 | +0.505 (+3.5) | +0.275
   13 0.177 0.346 | 0.252 0.125 | 0.55 | +0.06 +0.24 | +0.742 (+6.1,0.000) +0.661±0.147 | +0.506 (+3.6) | +0.292
   14 0.180 0.342 | 0.256 0.120 | 0.54 | +0.20 +0.19 | +0.737 (+6.0,0.000) +0.662±0.143 | +0.506 (+3.4) | +0.248
   15 0.179 0.344 | 0.257 0.119 | 0.53 | +0.15 +0.08 | +0.739 (+6.2,0.000) +0.665±0.135 | +0.506 (+3.5) | +0.182
   16 0.171 0.354 | 0.252 0.121 | 0.52 | +0.09 -0.01 | +0.733 (+5.7,0.000) +0.671±0.128 | +0.491 (+3.5) | +0.116
   17 0.226 0.250 | 0.287 0.085 | 0.54 | +0.28 -0.11 | +0.629 (+4.8,0.000) +0.595±0.099 | +0.453 (+3.0) | +0.057
   18 0.204 0.268 | 0.265 0.086 | 0.53 | +0.44 +0.02 | +0.633 (+5.0,0.000) +0.605±0.087 | +0.422 (+2.6) | +0.329
   19 0.213 0.258 | 0.271 0.086 | 0.53 | +0.26 -0.20 | +0.619 (+5.0,0.000) +0.596±0.084 | +0.367 (+2.3) | +0.240
   20 0.217 0.245 | 0.272 0.085 | 0.55 | +0.30 -0.21 | +0.620 (+4.8,0.000) +0.589±0.080 | +0.379 (+2.5) | +0.125
   21 0.235 0.213 | 0.284 0.078 | 0.57 | +0.33 -0.30 | +0.573 (+4.4,0.000) +0.560±0.077 | +0.325 (+1.9) | +0.135
   22 0.237 0.202 | 0.280 0.077 | 0.58 | +0.27 -0.13 | +0.566 (+4.4,0.000) +0.550±0.083 | +0.372 (+2.3) | +0.275
   23 0.233 0.202 | 0.276 0.078 | 0.58 | +0.30 -0.17 | +0.580 (+4.6,0.000) +0.548±0.079 | +0.340 (+1.9) | +0.230
   24 0.231 0.198 | 0.271 0.080 | 0.60 | +0.44 -0.16 | +0.564 (+4.4,0.000) +0.539±0.078 | +0.351 (+2.0) | +0.252
   25 0.229 0.196 | 0.267 0.082 | 0.61 | +0.37 -0.21 | +0.553 (+4.4,0.000) +0.525±0.086 | +0.339 (+2.0) | +0.229
   26 0.228 0.189 | 0.262 0.081 | 0.63 | +0.64 -0.02 | +0.482 (+3.8,0.000) +0.485±0.085 | +0.313 (+1.8) | +0.414
   27 0.228 0.187 | 0.261 0.081 | 0.63 | +0.64 -0.02 | +0.473 (+3.7,0.001) +0.471±0.088 | +0.315 (+1.8) | +0.413
   28 0.224 0.190 | 0.257 0.084 | 0.63 | +0.66 -0.09 | +0.475 (+3.6,0.000) +0.464±0.084 | +0.311 (+1.7) | +0.482
   29 0.222 0.195 | 0.256 0.087 | 0.64 | +0.73 -0.02 | +0.485 (+3.7,0.000) +0.469±0.081 | +0.324 (+1.8) | +0.506
   30 0.214 0.202 | 0.248 0.092 | 0.65 | +0.78 +0.03 | +0.492 (+4.0,0.000) +0.458±0.077 | +0.338 (+2.2) | +0.552
   31 0.199 0.220 | 0.237 0.095 | 0.64 | +0.56 -0.08 | +0.551 (+4.1,0.000) +0.491±0.076 | +0.353 (+2.1) | +0.447
   32 0.195 0.226 | 0.235 0.098 | 0.65 | +0.46 -0.07 | +0.567 (+4.4,0.002) +0.490±0.078 | +0.382 (+2.3) | +0.492
## olmo2_7b minor [last]  n_ctx=24
layer  P1    P5   | P1b   P5b  | iso7 | whiteRSA f/c  | GramRSA(z,p)  ctx mean±sd | GramRSA blackproj (z) | white-only
    0 0.162 0.260 | 0.208 0.102 | 0.62 | +0.09 -0.28 | +0.515 (+5.0,0.000) +0.515±0.000 | +0.304 (+2.3) | -0.108
    1 0.152 0.286 | 0.202 0.110 | 0.60 | +0.05 -0.33 | +0.570 (+5.6,0.000) +0.566±0.011 | +0.323 (+2.3) | -0.197
    2 0.157 0.282 | 0.204 0.115 | 0.61 | -0.02 -0.31 | +0.561 (+5.2,0.000) +0.567±0.005 | +0.348 (+2.6) | -0.283
    3 0.158 0.288 | 0.207 0.117 | 0.60 | -0.09 -0.26 | +0.576 (+5.2,0.000) +0.593±0.013 | +0.337 (+2.4) | -0.256
    4 0.154 0.309 | 0.207 0.125 | 0.60 | +0.01 -0.10 | +0.630 (+5.6,0.001) +0.646±0.033 | +0.353 (+2.5) | -0.110
    5 0.150 0.327 | 0.204 0.133 | 0.60 | +0.09 +0.05 | +0.687 (+6.0,0.000) +0.696±0.039 | +0.411 (+3.0) | +0.091
    6 0.149 0.341 | 0.206 0.141 | 0.60 | +0.02 +0.18 | +0.723 (+6.2,0.000) +0.717±0.047 | +0.518 (+3.6) | +0.017
    7 0.144 0.369 | 0.204 0.152 | 0.59 | +0.18 +0.25 | +0.762 (+5.9,0.000) +0.741±0.061 | +0.566 (+4.2) | +0.253
    8 0.145 0.393 | 0.212 0.159 | 0.56 | +0.13 +0.48 | +0.778 (+6.5,0.000) +0.753±0.062 | +0.593 (+4.5) | +0.094
    9 0.143 0.400 | 0.211 0.159 | 0.55 | +0.11 +0.44 | +0.785 (+6.2,0.000) +0.755±0.063 | +0.602 (+4.4) | +0.136
   10 0.136 0.417 | 0.206 0.166 | 0.54 | +0.16 +0.43 | +0.796 (+6.4,0.000) +0.759±0.070 | +0.629 (+4.3) | +0.188
   11 0.132 0.426 | 0.201 0.174 | 0.54 | +0.13 +0.41 | +0.800 (+6.4,0.000) +0.759±0.078 | +0.609 (+4.5) | +0.221
   12 0.128 0.433 | 0.198 0.177 | 0.54 | +0.10 +0.37 | +0.794 (+6.4,0.000) +0.755±0.078 | +0.613 (+4.4) | +0.168
   13 0.123 0.442 | 0.194 0.180 | 0.53 | +0.06 +0.24 | +0.805 (+6.5,0.000) +0.757±0.079 | +0.614 (+4.2) | +0.203
   14 0.122 0.446 | 0.194 0.179 | 0.52 | +0.20 +0.19 | +0.812 (+6.6,0.000) +0.763±0.075 | +0.596 (+4.2) | +0.160
   15 0.120 0.452 | 0.195 0.178 | 0.51 | +0.15 +0.08 | +0.807 (+6.4,0.000) +0.763±0.069 | +0.590 (+4.2) | +0.087
   16 0.115 0.463 | 0.191 0.182 | 0.50 | +0.09 -0.01 | +0.787 (+6.2,0.000) +0.758±0.058 | +0.580 (+3.9) | +0.034
   17 0.144 0.396 | 0.219 0.150 | 0.52 | +0.28 -0.11 | +0.812 (+6.4,0.000) +0.770±0.059 | +0.533 (+3.6) | -0.010
   18 0.132 0.406 | 0.203 0.149 | 0.49 | +0.44 +0.02 | +0.791 (+6.3,0.000) +0.763±0.047 | +0.459 (+3.1) | +0.325
   19 0.136 0.398 | 0.206 0.151 | 0.51 | +0.26 -0.20 | +0.792 (+6.6,0.000) +0.764±0.053 | +0.430 (+2.9) | +0.157
   20 0.140 0.384 | 0.210 0.146 | 0.53 | +0.30 -0.21 | +0.788 (+6.3,0.000) +0.765±0.052 | +0.451 (+2.8) | +0.026
   21 0.155 0.353 | 0.221 0.137 | 0.55 | +0.33 -0.30 | +0.776 (+6.2,0.000) +0.762±0.056 | +0.447 (+3.0) | +0.058
   22 0.155 0.339 | 0.216 0.137 | 0.58 | +0.27 -0.13 | +0.773 (+6.0,0.000) +0.756±0.063 | +0.452 (+3.0) | +0.140
   23 0.155 0.339 | 0.215 0.137 | 0.58 | +0.30 -0.17 | +0.775 (+6.2,0.000) +0.761±0.065 | +0.431 (+2.9) | +0.083
   24 0.152 0.334 | 0.209 0.141 | 0.60 | +0.44 -0.16 | +0.776 (+6.2,0.000) +0.756±0.065 | +0.421 (+2.7) | +0.266
   25 0.152 0.329 | 0.206 0.143 | 0.62 | +0.37 -0.21 | +0.772 (+6.1,0.001) +0.750±0.071 | +0.423 (+2.6) | +0.248
   26 0.152 0.320 | 0.202 0.144 | 0.64 | +0.64 -0.02 | +0.766 (+6.0,0.000) +0.746±0.074 | +0.398 (+2.2) | +0.305
   27 0.152 0.316 | 0.201 0.145 | 0.65 | +0.64 -0.02 | +0.767 (+6.0,0.001) +0.740±0.081 | +0.402 (+2.4) | +0.343
   28 0.149 0.319 | 0.196 0.149 | 0.66 | +0.66 -0.09 | +0.764 (+6.0,0.000) +0.736±0.077 | +0.404 (+2.5) | +0.397
   29 0.145 0.328 | 0.193 0.154 | 0.66 | +0.73 -0.02 | +0.777 (+6.1,0.000) +0.737±0.073 | +0.412 (+2.6) | +0.391
   30 0.138 0.340 | 0.186 0.163 | 0.66 | +0.78 +0.03 | +0.779 (+6.0,0.000) +0.739±0.066 | +0.422 (+2.6) | +0.445
   31 0.124 0.366 | 0.175 0.165 | 0.59 | +0.56 -0.08 | +0.758 (+6.2,0.000) +0.735±0.047 | +0.435 (+2.8) | +0.319
   32 0.116 0.377 | 0.166 0.171 | 0.58 | +0.46 -0.07 | +0.754 (+6.2,0.000) +0.730±0.044 | +0.454 (+3.0) | +0.304
