## olmo2_7b minor [last]  corpus PMI: circulant fraction 0.37; targets' mutual RSA:
layer |           PMI |      PMI_circ |     PMI_resid |  -fifths_dist |   -chrom_dist |   black_block |    commonness |   same_letter |   -alpha_dist  (Spearman, z vs relabel null)
    0 | +0.21 (+1.6) | +0.24 (+2.4) | +0.04 (+0.3) | +0.23 (+2.4) | -0.02 (-0.2) | +0.57 (+5.4) | +0.53 (+2.5) | -0.04 (-0.4) | -0.07 (-0.6)
    1 | +0.23 (+1.8) | +0.26 (+2.6) | +0.06 (+0.4) | +0.26 (+2.6) | -0.05 (-0.6) | +0.64 (+6.0) | +0.52 (+2.5) | -0.09 (-0.9) | -0.11 (-0.9)
    2 | +0.22 (+1.7) | +0.27 (+2.6) | +0.04 (+0.3) | +0.26 (+2.5) | -0.01 (-0.1) | +0.62 (+5.7) | +0.51 (+2.6) | -0.02 (-0.2) | -0.06 (-0.5)
    3 | +0.23 (+1.9) | +0.27 (+2.5) | +0.02 (+0.2) | +0.27 (+2.4) | +0.02 (+0.2) | +0.61 (+5.4) | +0.50 (+2.9) | -0.00 (-0.1) | +0.01 (+0.1)
    4 | +0.31 (+2.6) | +0.33 (+2.9) | +0.07 (+0.5) | +0.32 (+2.8) | -0.00 (-0.0) | +0.67 (+5.9) | +0.47 (+2.9) | -0.04 (-0.4) | +0.02 (+0.1)
    5 | +0.38 (+3.1) | +0.41 (+3.5) | +0.06 (+0.4) | +0.41 (+3.5) | -0.02 (-0.1) | +0.70 (+6.1) | +0.48 (+3.2) | -0.07 (-0.6) | +0.01 (+0.1)
    6 | +0.43 (+3.6) | +0.46 (+3.8) | +0.09 (+0.7) | +0.46 (+3.8) | -0.02 (-0.2) | +0.74 (+6.3) | +0.42 (+3.1) | -0.08 (-0.7) | +0.02 (+0.2)
    7 | +0.50 (+4.1) | +0.51 (+4.1) | +0.11 (+0.9) | +0.51 (+4.1) | -0.05 (-0.4) | +0.78 (+6.6) | +0.39 (+3.2) | -0.11 (-0.9) | +0.01 (+0.1)
    8 | +0.51 (+4.2) | +0.51 (+4.1) | +0.13 (+1.1) | +0.52 (+4.1) | -0.04 (-0.3) | +0.80 (+6.7) | +0.36 (+3.0) | -0.15 (-1.2) | +0.02 (+0.1)
    9 | +0.52 (+4.3) | +0.51 (+4.1) | +0.14 (+1.1) | +0.53 (+4.2) | -0.05 (-0.4) | +0.81 (+6.7) | +0.35 (+3.0) | -0.15 (-1.3) | +0.01 (+0.1)
   10 | +0.53 (+4.4) | +0.52 (+4.2) | +0.14 (+1.2) | +0.54 (+4.3) | -0.06 (-0.5) | +0.82 (+6.9) | +0.35 (+3.0) | -0.17 (-1.4) | +0.01 (+0.0)
   11 | +0.54 (+4.4) | +0.54 (+4.3) | +0.13 (+1.1) | +0.55 (+4.4) | -0.06 (-0.5) | +0.82 (+6.9) | +0.35 (+3.0) | -0.16 (-1.4) | +0.00 (-0.0)
   12 | +0.53 (+4.4) | +0.53 (+4.3) | +0.13 (+1.0) | +0.55 (+4.4) | -0.07 (-0.5) | +0.82 (+6.9) | +0.35 (+3.0) | -0.18 (-1.5) | -0.00 (-0.1)
   13 | +0.55 (+4.5) | +0.54 (+4.3) | +0.14 (+1.2) | +0.56 (+4.4) | -0.08 (-0.6) | +0.83 (+6.9) | +0.33 (+3.0) | -0.19 (-1.5) | -0.02 (-0.2)
   14 | +0.55 (+4.6) | +0.53 (+4.2) | +0.16 (+1.3) | +0.55 (+4.4) | -0.07 (-0.6) | +0.84 (+7.0) | +0.34 (+3.0) | -0.17 (-1.4) | -0.01 (-0.1)
   15 | +0.56 (+4.6) | +0.53 (+4.2) | +0.17 (+1.4) | +0.54 (+4.3) | -0.07 (-0.5) | +0.85 (+7.0) | +0.34 (+3.0) | -0.16 (-1.4) | +0.01 (+0.0)
   16 | +0.54 (+4.5) | +0.51 (+4.0) | +0.16 (+1.3) | +0.52 (+4.1) | -0.07 (-0.6) | +0.85 (+7.0) | +0.33 (+3.0) | -0.17 (-1.4) | -0.01 (-0.1)
   17 | +0.55 (+4.6) | +0.51 (+4.0) | +0.18 (+1.5) | +0.51 (+4.0) | -0.04 (-0.3) | +0.85 (+7.0) | +0.31 (+3.0) | -0.09 (-0.7) | +0.00 (-0.0)
   18 | +0.52 (+4.3) | +0.48 (+3.9) | +0.17 (+1.3) | +0.49 (+3.9) | -0.07 (-0.5) | +0.82 (+6.9) | +0.36 (+3.1) | -0.08 (-0.7) | -0.01 (-0.1)
   19 | +0.52 (+4.3) | +0.47 (+3.7) | +0.18 (+1.5) | +0.48 (+3.8) | -0.04 (-0.3) | +0.83 (+6.9) | +0.35 (+3.1) | -0.08 (-0.6) | +0.02 (+0.2)
   20 | +0.51 (+4.2) | +0.45 (+3.6) | +0.19 (+1.5) | +0.45 (+3.6) | -0.04 (-0.3) | +0.85 (+7.0) | +0.34 (+3.1) | -0.04 (-0.4) | +0.00 (-0.0)
   21 | +0.50 (+4.1) | +0.43 (+3.4) | +0.20 (+1.7) | +0.41 (+3.2) | -0.02 (-0.1) | +0.84 (+6.9) | +0.33 (+3.1) | +0.01 (+0.1) | +0.04 (+0.3)
   22 | +0.51 (+4.2) | +0.44 (+3.5) | +0.19 (+1.6) | +0.44 (+3.4) | -0.03 (-0.2) | +0.84 (+6.9) | +0.33 (+3.2) | +0.00 (-0.0) | +0.01 (+0.1)
   23 | +0.52 (+4.3) | +0.44 (+3.4) | +0.22 (+1.8) | +0.43 (+3.3) | -0.02 (-0.2) | +0.84 (+6.8) | +0.31 (+3.3) | +0.03 (+0.2) | +0.04 (+0.3)
   24 | +0.52 (+4.3) | +0.44 (+3.5) | +0.20 (+1.6) | +0.44 (+3.4) | -0.04 (-0.3) | +0.83 (+6.8) | +0.31 (+3.3) | +0.04 (+0.3) | +0.02 (+0.2)
   25 | +0.52 (+4.3) | +0.45 (+3.5) | +0.19 (+1.6) | +0.45 (+3.5) | -0.05 (-0.4) | +0.84 (+6.8) | +0.31 (+3.3) | +0.03 (+0.2) | +0.02 (+0.1)
   26 | +0.51 (+4.2) | +0.47 (+3.6) | +0.17 (+1.4) | +0.46 (+3.6) | -0.03 (-0.3) | +0.83 (+6.7) | +0.32 (+3.5) | +0.04 (+0.3) | +0.01 (+0.1)
   27 | +0.51 (+4.2) | +0.47 (+3.7) | +0.17 (+1.4) | +0.47 (+3.7) | -0.04 (-0.3) | +0.83 (+6.7) | +0.32 (+3.6) | +0.04 (+0.3) | +0.00 (+0.0)
   28 | +0.50 (+4.2) | +0.47 (+3.7) | +0.15 (+1.3) | +0.47 (+3.6) | -0.05 (-0.4) | +0.84 (+6.8) | +0.33 (+3.5) | +0.02 (+0.1) | -0.01 (-0.1)
   29 | +0.52 (+4.3) | +0.48 (+3.8) | +0.16 (+1.3) | +0.48 (+3.7) | -0.05 (-0.4) | +0.84 (+6.9) | +0.32 (+3.4) | -0.00 (-0.1) | +0.00 (+0.0)
   30 | +0.52 (+4.4) | +0.48 (+3.8) | +0.16 (+1.3) | +0.49 (+3.8) | -0.07 (-0.6) | +0.85 (+6.9) | +0.32 (+3.2) | -0.04 (-0.4) | -0.02 (-0.2)
   31 | +0.50 (+4.2) | +0.44 (+3.5) | +0.17 (+1.4) | +0.45 (+3.6) | -0.10 (-0.8) | +0.85 (+7.0) | +0.31 (+2.9) | -0.10 (-0.8) | -0.04 (-0.4)
   32 | +0.50 (+4.2) | +0.43 (+3.4) | +0.19 (+1.5) | +0.44 (+3.5) | -0.11 (-0.9) | +0.86 (+7.1) | +0.30 (+2.9) | -0.14 (-1.2) | -0.07 (-0.6)
    0  fifths=+0.023  chrom=+0.065  PMI=+0.061   [corpus PMI itself: fifths=+0.559 chrom=-0.057]
    2  fifths=+0.035  chrom=+0.078  PMI=-0.021   [corpus PMI itself: fifths=+0.559 chrom=-0.057]
    4  fifths=+0.085  chrom=+0.016  PMI=+0.059   [corpus PMI itself: fifths=+0.559 chrom=-0.057]
    6  fifths=+0.276  chrom=-0.013  PMI=+0.196   [corpus PMI itself: fifths=+0.559 chrom=-0.057]
    8  fifths=+0.317  chrom=-0.019  PMI=+0.243   [corpus PMI itself: fifths=+0.559 chrom=-0.057]
   10  fifths=+0.344  chrom=-0.048  PMI=+0.271   [corpus PMI itself: fifths=+0.559 chrom=-0.057]
   12  fifths=+0.367  chrom=-0.052  PMI=+0.264   [corpus PMI itself: fifths=+0.559 chrom=-0.057]
   14  fifths=+0.371  chrom=-0.067  PMI=+0.290   [corpus PMI itself: fifths=+0.559 chrom=-0.057]
   16  fifths=+0.307  chrom=-0.063  PMI=+0.236   [corpus PMI itself: fifths=+0.559 chrom=-0.057]
   18  fifths=+0.294  chrom=-0.081  PMI=+0.247   [corpus PMI itself: fifths=+0.559 chrom=-0.057]
   20  fifths=+0.215  chrom=-0.052  PMI=+0.145   [corpus PMI itself: fifths=+0.559 chrom=-0.057]
   22  fifths=+0.207  chrom=-0.056  PMI=+0.136   [corpus PMI itself: fifths=+0.559 chrom=-0.057]
   24  fifths=+0.237  chrom=-0.117  PMI=+0.153   [corpus PMI itself: fifths=+0.559 chrom=-0.057]
   26  fifths=+0.303  chrom=-0.076  PMI=+0.130   [corpus PMI itself: fifths=+0.559 chrom=-0.057]
   28  fifths=+0.295  chrom=-0.086  PMI=+0.125   [corpus PMI itself: fifths=+0.559 chrom=-0.057]
   30  fifths=+0.301  chrom=-0.106  PMI=+0.160   [corpus PMI itself: fifths=+0.559 chrom=-0.057]
   32  fifths=+0.113  chrom=-0.093  PMI=+0.095   [corpus PMI itself: fifths=+0.559 chrom=-0.057]
