## olmo2_1b major [last]  corpus PMI: circulant fraction 0.50; targets' mutual RSA:
layer |           PMI |      PMI_circ |     PMI_resid |  -fifths_dist |   -chrom_dist |   black_block |    commonness |   same_letter |   -alpha_dist  (Spearman, z vs relabel null)
    0 | +0.32 (+2.8) | +0.27 (+3.4) | +0.08 (+0.6) | +0.23 (+2.8) | +0.03 (+0.3) | +0.53 (+5.5) | +0.43 (+1.8) | -0.00 (-0.0) | -0.05 (-0.4)
    1 | +0.35 (+3.1) | +0.31 (+3.4) | +0.09 (+0.6) | +0.27 (+2.9) | +0.04 (+0.5) | +0.62 (+6.0) | +0.44 (+2.0) | +0.01 (+0.1) | -0.00 (-0.0)
    2 | +0.31 (+2.6) | +0.33 (+3.2) | +0.05 (+0.4) | +0.28 (+2.7) | +0.04 (+0.4) | +0.70 (+6.4) | +0.44 (+2.3) | +0.02 (+0.2) | -0.03 (-0.2)
    3 | +0.33 (+2.7) | +0.36 (+3.2) | +0.01 (+0.1) | +0.33 (+2.9) | +0.03 (+0.3) | +0.73 (+6.5) | +0.38 (+2.2) | -0.03 (-0.2) | -0.03 (-0.2)
    4 | +0.31 (+2.6) | +0.37 (+3.1) | +0.00 (+0.0) | +0.34 (+2.8) | +0.06 (+0.5) | +0.75 (+6.5) | +0.35 (+2.3) | -0.05 (-0.4) | -0.01 (-0.1)
    5 | +0.30 (+2.5) | +0.40 (+3.3) | -0.04 (-0.3) | +0.37 (+3.0) | +0.03 (+0.3) | +0.77 (+6.5) | +0.34 (+2.5) | -0.05 (-0.4) | -0.00 (+0.0)
    6 | +0.29 (+2.3) | +0.38 (+3.0) | -0.04 (-0.3) | +0.36 (+2.8) | +0.00 (+0.0) | +0.77 (+6.3) | +0.32 (+2.6) | -0.03 (-0.2) | +0.01 (+0.1)
    7 | +0.33 (+2.7) | +0.39 (+3.1) | +0.00 (+0.0) | +0.37 (+2.9) | -0.00 (-0.0) | +0.80 (+6.6) | +0.31 (+2.7) | -0.06 (-0.5) | -0.01 (-0.0)
    8 | +0.29 (+2.3) | +0.35 (+2.8) | -0.01 (-0.1) | +0.35 (+2.7) | -0.02 (-0.2) | +0.78 (+6.5) | +0.31 (+2.7) | -0.09 (-0.7) | -0.03 (-0.2)
    9 | +0.32 (+2.5) | +0.37 (+2.9) | -0.00 (-0.0) | +0.38 (+2.9) | -0.05 (-0.4) | +0.79 (+6.5) | +0.28 (+2.6) | -0.12 (-1.0) | -0.05 (-0.4)
   10 | +0.33 (+2.6) | +0.37 (+2.9) | +0.01 (+0.1) | +0.37 (+2.8) | -0.05 (-0.4) | +0.82 (+6.7) | +0.25 (+2.5) | -0.11 (-0.9) | -0.04 (-0.3)
   11 | +0.31 (+2.5) | +0.37 (+2.8) | +0.01 (+0.1) | +0.36 (+2.7) | -0.04 (-0.3) | +0.81 (+6.6) | +0.25 (+2.5) | -0.08 (-0.7) | -0.04 (-0.3)
   12 | +0.31 (+2.5) | +0.44 (+3.3) | -0.08 (-0.6) | +0.42 (+3.1) | -0.01 (-0.1) | +0.80 (+6.3) | +0.20 (+2.9) | +0.05 (+0.3) | +0.01 (+0.1)
   13 | +0.32 (+2.5) | +0.46 (+3.5) | -0.07 (-0.6) | +0.43 (+3.2) | +0.00 (-0.0) | +0.81 (+6.4) | +0.16 (+2.3) | +0.05 (+0.4) | +0.06 (+0.5)
   14 | +0.33 (+2.6) | +0.44 (+3.3) | -0.04 (-0.3) | +0.40 (+3.0) | +0.01 (+0.1) | +0.82 (+6.5) | +0.15 (+1.9) | +0.04 (+0.3) | +0.02 (+0.1)
   15 | +0.27 (+2.2) | +0.39 (+2.9) | -0.07 (-0.5) | +0.37 (+2.7) | -0.02 (-0.2) | +0.84 (+6.6) | +0.15 (+2.3) | -0.00 (-0.0) | -0.01 (-0.1)
   16 | +0.19 (+1.5) | +0.28 (+2.1) | -0.03 (-0.2) | +0.30 (+2.2) | -0.15 (-1.1) | +0.78 (+6.1) | +0.23 (+2.9) | -0.22 (-1.7) | -0.13 (-1.0)
    0  fifths=+0.021  chrom=+0.111  PMI=+0.071   [corpus PMI itself: fifths=+0.623 chrom=+0.031]
    2  fifths=-0.002  chrom=+0.139  PMI=-0.044   [corpus PMI itself: fifths=+0.623 chrom=+0.031]
    4  fifths=+0.018  chrom=+0.175  PMI=-0.078   [corpus PMI itself: fifths=+0.623 chrom=+0.031]
    6  fifths=+0.053  chrom=+0.034  PMI=-0.113   [corpus PMI itself: fifths=+0.623 chrom=+0.031]
    8  fifths=-0.000  chrom=+0.049  PMI=-0.138   [corpus PMI itself: fifths=+0.623 chrom=+0.031]
   10  fifths=-0.000  chrom=+0.004  PMI=-0.098   [corpus PMI itself: fifths=+0.623 chrom=+0.031]
   12  fifths=+0.190  chrom=-0.023  PMI=-0.054   [corpus PMI itself: fifths=+0.623 chrom=+0.031]
   14  fifths=+0.123  chrom=+0.033  PMI=-0.025   [corpus PMI itself: fifths=+0.623 chrom=+0.031]
   16  fifths=-0.162  chrom=-0.074  PMI=-0.326   [corpus PMI itself: fifths=+0.623 chrom=+0.031]
