## olmo2_1b_bf16 major [anchor]  n_ctx=24
layer  P1    P5   | P1b   P5b  | iso7 | whiteRSA f/c  | GramRSA(z,p)  ctx mean±sd | GramRSA blackproj (z) | white-only
    0 nan nan | nan nan | nan | +nan +nan | +nan (+nan,0.000) +nan±nan | +nan (+nan) | +nan
    1 0.166 0.225 | 0.195 0.113 | 0.76 | -0.30 +0.04 | +0.158 (+1.4,0.085) +0.149±0.019 | +0.016 (-0.9) | -0.192
    2 0.157 0.264 | 0.192 0.113 | 0.64 | -0.27 +0.11 | +0.300 (+2.6,0.011) +0.284±0.031 | +0.059 (-0.6) | +0.158
    3 0.162 0.265 | 0.200 0.114 | 0.63 | -0.24 +0.11 | +0.342 (+2.9,0.009) +0.304±0.045 | +0.105 (-0.2) | +0.090
    4 0.172 0.271 | 0.217 0.117 | 0.62 | -0.16 +0.15 | +0.333 (+2.6,0.013) +0.312±0.056 | +0.105 (-0.3) | -0.031
    5 0.173 0.275 | 0.219 0.122 | 0.64 | -0.14 +0.14 | +0.331 (+2.6,0.011) +0.303±0.056 | +0.187 (+0.4) | +0.009
    6 0.182 0.273 | 0.227 0.122 | 0.65 | -0.13 +0.17 | +0.335 (+2.7,0.009) +0.324±0.067 | +0.207 (+0.5) | -0.009
    7 0.172 0.278 | 0.215 0.128 | 0.64 | -0.14 +0.15 | +0.322 (+2.5,0.018) +0.318±0.068 | +0.220 (+0.6) | +0.040
    8 0.177 0.293 | 0.231 0.124 | 0.60 | -0.14 +0.23 | +0.384 (+3.0,0.006) +0.365±0.100 | +0.162 (+0.2) | +0.031
    9 0.175 0.302 | 0.230 0.126 | 0.59 | -0.16 +0.21 | +0.417 (+3.2,0.004) +0.378±0.103 | +0.167 (+0.2) | +0.069
   10 0.166 0.299 | 0.216 0.134 | 0.60 | -0.08 +0.21 | +0.382 (+3.0,0.004) +0.355±0.101 | +0.202 (+0.5) | +0.106
   11 0.162 0.305 | 0.214 0.132 | 0.58 | -0.07 +0.24 | +0.386 (+3.0,0.006) +0.356±0.099 | +0.169 (+0.3) | +0.094
   12 0.169 0.311 | 0.226 0.134 | 0.59 | -0.13 +0.20 | +0.435 (+3.3,0.004) +0.386±0.096 | +0.194 (+0.6) | +0.130
   13 0.181 0.301 | 0.236 0.144 | 0.61 | -0.10 +0.18 | +0.347 (+2.8,0.011) +0.331±0.096 | +0.220 (+0.8) | +0.130
   14 0.194 0.297 | 0.245 0.152 | 0.64 | -0.11 +0.14 | +0.322 (+2.5,0.016) +0.311±0.101 | +0.258 (+1.2) | +0.139
   15 0.201 0.293 | 0.248 0.162 | 0.67 | -0.04 +0.07 | +0.307 (+2.4,0.019) +0.290±0.109 | +0.281 (+1.4) | +0.116
   16 0.217 0.284 | 0.267 0.152 | 0.65 | -0.06 +0.08 | +0.316 (+2.5,0.015) +0.295±0.100 | +0.267 (+1.2) | +0.094
## olmo2_1b_bf16 major [mean]  n_ctx=24
layer  P1    P5   | P1b   P5b  | iso7 | whiteRSA f/c  | GramRSA(z,p)  ctx mean±sd | GramRSA blackproj (z) | white-only
    0 0.204 0.202 | 0.245 0.060 | 0.52 | +0.12 -0.31 | +0.267 (+2.9,0.009) +0.267±0.000 | +0.140 (+0.1) | +0.081
    1 0.205 0.212 | 0.251 0.060 | 0.49 | +0.11 -0.33 | +0.324 (+3.2,0.009) +0.325±0.005 | +0.128 (+0.0) | +0.123
    2 0.206 0.221 | 0.256 0.065 | 0.50 | -0.16 -0.26 | +0.362 (+3.2,0.011) +0.364±0.008 | +0.154 (+0.2) | +0.061
    3 0.208 0.236 | 0.266 0.067 | 0.49 | +0.11 -0.08 | +0.373 (+3.3,0.006) +0.367±0.019 | +0.162 (+0.3) | +0.240
    4 0.209 0.249 | 0.275 0.068 | 0.47 | +0.12 +0.10 | +0.364 (+3.3,0.006) +0.380±0.031 | +0.178 (+0.4) | +0.256
    5 0.208 0.259 | 0.279 0.069 | 0.46 | +0.17 +0.16 | +0.367 (+3.3,0.004) +0.366±0.043 | +0.149 (+0.2) | +0.187
    6 0.208 0.263 | 0.282 0.067 | 0.44 | +0.08 +0.30 | +0.348 (+3.0,0.011) +0.360±0.059 | +0.143 (+0.2) | +0.230
    7 0.199 0.286 | 0.282 0.070 | 0.42 | +0.08 +0.34 | +0.409 (+3.5,0.005) +0.388±0.066 | +0.149 (+0.3) | +0.235
    8 0.196 0.292 | 0.282 0.069 | 0.41 | +0.13 +0.30 | +0.412 (+3.5,0.006) +0.381±0.077 | +0.150 (+0.5) | +0.287
    9 0.192 0.301 | 0.280 0.070 | 0.40 | +0.22 +0.35 | +0.440 (+3.8,0.002) +0.388±0.092 | +0.140 (+0.3) | +0.348
   10 0.184 0.320 | 0.277 0.069 | 0.38 | +0.11 +0.41 | +0.472 (+3.9,0.002) +0.426±0.090 | +0.152 (+0.4) | +0.396
   11 0.193 0.302 | 0.280 0.065 | 0.38 | +0.20 -0.19 | +0.458 (+3.7,0.002) +0.436±0.086 | +0.092 (-0.1) | +0.064
   12 0.215 0.263 | 0.278 0.065 | 0.41 | +0.12 -0.10 | +0.403 (+3.1,0.005) +0.398±0.069 | +0.075 (-0.4) | +0.304
   13 0.218 0.229 | 0.263 0.069 | 0.48 | +0.23 -0.08 | +0.399 (+3.1,0.003) +0.383±0.070 | +0.095 (-0.8) | +0.113
   14 0.218 0.214 | 0.257 0.072 | 0.53 | +0.28 -0.15 | +0.396 (+3.1,0.003) +0.378±0.088 | +0.125 (-0.7) | +0.226
   15 0.211 0.214 | 0.249 0.074 | 0.54 | +0.41 -0.09 | +0.364 (+2.9,0.007) +0.340±0.113 | +0.108 (-0.9) | +0.138
   16 0.182 0.229 | 0.224 0.080 | 0.53 | +0.21 -0.13 | +0.283 (+2.2,0.021) +0.301±0.150 | +0.060 (-1.0) | +0.248
## olmo2_1b_bf16 major [last]  n_ctx=24
layer  P1    P5   | P1b   P5b  | iso7 | whiteRSA f/c  | GramRSA(z,p)  ctx mean±sd | GramRSA blackproj (z) | white-only
    0 0.188 0.216 | 0.229 0.082 | 0.61 | +0.12 -0.31 | +0.321 (+3.5,0.005) +0.321±0.000 | +0.157 (+0.1) | +0.206
    1 0.187 0.226 | 0.233 0.082 | 0.59 | +0.11 -0.33 | +0.363 (+3.6,0.004) +0.353±0.005 | +0.145 (-0.1) | +0.200
    2 0.186 0.231 | 0.233 0.095 | 0.64 | -0.16 -0.26 | +0.341 (+3.2,0.007) +0.349±0.013 | +0.230 (+0.8) | +0.123
    3 0.182 0.243 | 0.235 0.100 | 0.63 | +0.11 -0.08 | +0.354 (+3.1,0.007) +0.346±0.028 | +0.262 (+1.2) | +0.232
    4 0.181 0.254 | 0.239 0.104 | 0.61 | +0.12 +0.10 | +0.344 (+2.6,0.024) +0.329±0.042 | +0.298 (+1.5) | +0.299
    5 0.176 0.264 | 0.237 0.105 | 0.60 | +0.17 +0.16 | +0.331 (+2.7,0.020) +0.309±0.047 | +0.253 (+1.1) | +0.239
    6 0.173 0.268 | 0.237 0.104 | 0.58 | +0.08 +0.30 | +0.325 (+2.6,0.015) +0.299±0.056 | +0.226 (+0.9) | +0.282
    7 0.162 0.290 | 0.234 0.108 | 0.55 | +0.08 +0.34 | +0.354 (+2.8,0.011) +0.320±0.065 | +0.239 (+1.1) | +0.323
    8 0.159 0.291 | 0.232 0.105 | 0.53 | +0.13 +0.30 | +0.320 (+2.6,0.014) +0.290±0.075 | +0.252 (+1.2) | +0.403
    9 0.154 0.301 | 0.229 0.108 | 0.52 | +0.22 +0.35 | +0.335 (+2.8,0.009) +0.298±0.089 | +0.221 (+1.0) | +0.344
   10 0.147 0.319 | 0.227 0.107 | 0.49 | +0.11 +0.41 | +0.345 (+2.6,0.017) +0.323±0.091 | +0.227 (+1.0) | +0.409
   11 0.156 0.310 | 0.234 0.101 | 0.48 | +0.20 -0.19 | +0.350 (+2.7,0.015) +0.333±0.088 | +0.203 (+0.7) | +0.044
   12 0.179 0.282 | 0.242 0.095 | 0.50 | +0.12 -0.10 | +0.377 (+2.8,0.009) +0.354±0.081 | +0.125 (-0.1) | +0.338
   13 0.179 0.257 | 0.225 0.104 | 0.58 | +0.23 -0.08 | +0.389 (+3.0,0.004) +0.371±0.080 | +0.115 (-0.7) | +0.240
   14 0.179 0.247 | 0.222 0.110 | 0.63 | +0.28 -0.15 | +0.402 (+3.1,0.006) +0.362±0.097 | +0.170 (-0.4) | +0.321
   15 0.171 0.246 | 0.212 0.111 | 0.64 | +0.41 -0.09 | +0.337 (+2.5,0.011) +0.333±0.115 | +0.112 (-0.9) | +0.274
   16 0.139 0.256 | 0.183 0.114 | 0.58 | +0.21 -0.13 | +0.244 (+1.9,0.053) +0.264±0.131 | +0.065 (-0.6) | +0.171
## olmo2_1b_bf16 minor [anchor]  n_ctx=24
layer  P1    P5   | P1b   P5b  | iso7 | whiteRSA f/c  | GramRSA(z,p)  ctx mean±sd | GramRSA blackproj (z) | white-only
    0 nan nan | nan nan | nan | +nan +nan | +nan (+nan,0.000) +nan±nan | +nan (+nan) | +nan
    1 0.218 0.240 | 0.252 0.126 | 0.85 | -0.28 +0.16 | +0.238 (+1.8,0.048) +0.255±0.034 | +0.342 (+2.2) | -0.019
    2 0.216 0.217 | 0.251 0.095 | 0.66 | -0.36 -0.01 | +0.359 (+2.7,0.010) +0.378±0.053 | +0.344 (+2.0) | -0.075
    3 0.222 0.217 | 0.262 0.090 | 0.63 | -0.32 +0.07 | +0.432 (+3.2,0.002) +0.429±0.058 | +0.386 (+2.4) | -0.004
    4 0.220 0.235 | 0.268 0.090 | 0.60 | -0.17 +0.09 | +0.533 (+4.0,0.000) +0.523±0.068 | +0.387 (+2.3) | -0.086
    5 0.211 0.248 | 0.264 0.089 | 0.56 | -0.22 +0.03 | +0.570 (+4.2,0.001) +0.538±0.077 | +0.369 (+2.2) | -0.173
    6 0.211 0.252 | 0.263 0.094 | 0.57 | -0.19 +0.05 | +0.570 (+4.4,0.000) +0.550±0.083 | +0.374 (+2.1) | -0.147
    7 0.209 0.253 | 0.261 0.095 | 0.57 | -0.23 +0.05 | +0.535 (+4.1,0.002) +0.528±0.089 | +0.365 (+2.1) | -0.174
    8 0.203 0.272 | 0.259 0.100 | 0.55 | -0.16 +0.09 | +0.624 (+4.6,0.001) +0.596±0.089 | +0.457 (+2.9) | -0.068
    9 0.199 0.275 | 0.255 0.098 | 0.54 | -0.17 +0.09 | +0.635 (+4.8,0.001) +0.601±0.095 | +0.434 (+2.7) | -0.057
   10 0.194 0.269 | 0.247 0.097 | 0.54 | -0.12 +0.08 | +0.602 (+4.5,0.001) +0.569±0.099 | +0.407 (+2.5) | -0.071
   11 0.195 0.269 | 0.249 0.098 | 0.54 | -0.09 +0.03 | +0.592 (+4.6,0.001) +0.562±0.100 | +0.380 (+2.2) | -0.156
   12 0.198 0.279 | 0.257 0.103 | 0.54 | -0.18 +0.01 | +0.617 (+4.8,0.001) +0.587±0.104 | +0.405 (+2.5) | -0.183
   13 0.205 0.269 | 0.262 0.106 | 0.57 | -0.15 +0.00 | +0.555 (+4.4,0.003) +0.542±0.117 | +0.376 (+2.2) | -0.195
   14 0.212 0.267 | 0.271 0.104 | 0.56 | -0.12 +0.02 | +0.477 (+3.6,0.006) +0.491±0.124 | +0.306 (+1.8) | -0.179
   15 0.214 0.269 | 0.273 0.110 | 0.57 | -0.12 -0.01 | +0.458 (+3.3,0.009) +0.472±0.126 | +0.333 (+2.0) | -0.194
   16 0.211 0.261 | 0.268 0.108 | 0.56 | -0.20 +0.08 | +0.451 (+3.4,0.009) +0.446±0.131 | +0.338 (+1.8) | -0.177
## olmo2_1b_bf16 minor [mean]  n_ctx=24
layer  P1    P5   | P1b   P5b  | iso7 | whiteRSA f/c  | GramRSA(z,p)  ctx mean±sd | GramRSA blackproj (z) | white-only
    0 0.228 0.172 | 0.263 0.070 | 0.58 | +0.12 -0.31 | +0.310 (+3.1,0.000) +0.310±0.000 | +0.193 (+1.1) | +0.130
    1 0.224 0.190 | 0.264 0.072 | 0.59 | +0.11 -0.33 | +0.403 (+3.9,0.000) +0.409±0.006 | +0.231 (+1.4) | +0.040
    2 0.221 0.208 | 0.267 0.079 | 0.62 | -0.16 -0.26 | +0.490 (+4.5,0.000) +0.501±0.008 | +0.319 (+2.1) | -0.038
    3 0.212 0.238 | 0.265 0.086 | 0.58 | +0.11 -0.08 | +0.554 (+4.9,0.000) +0.543±0.019 | +0.377 (+2.4) | +0.226
    4 0.209 0.251 | 0.266 0.089 | 0.58 | +0.12 +0.10 | +0.590 (+5.4,0.000) +0.569±0.026 | +0.415 (+3.0) | +0.375
    5 0.206 0.265 | 0.266 0.093 | 0.56 | +0.17 +0.16 | +0.629 (+5.4,0.000) +0.613±0.058 | +0.452 (+3.5) | +0.426
    6 0.205 0.270 | 0.268 0.092 | 0.54 | +0.08 +0.30 | +0.662 (+5.5,0.000) +0.627±0.064 | +0.470 (+3.1) | +0.379
    7 0.191 0.293 | 0.259 0.098 | 0.52 | +0.08 +0.34 | +0.699 (+5.8,0.000) +0.644±0.076 | +0.508 (+3.4) | +0.438
    8 0.190 0.301 | 0.261 0.097 | 0.50 | +0.13 +0.30 | +0.739 (+5.8,0.000) +0.668±0.081 | +0.515 (+3.5) | +0.394
    9 0.186 0.306 | 0.258 0.100 | 0.50 | +0.22 +0.35 | +0.724 (+5.9,0.000) +0.663±0.080 | +0.503 (+3.5) | +0.408
   10 0.181 0.315 | 0.259 0.102 | 0.49 | +0.11 +0.41 | +0.719 (+5.9,0.000) +0.664±0.082 | +0.524 (+3.9) | +0.388
   11 0.202 0.280 | 0.273 0.094 | 0.51 | +0.20 -0.19 | +0.658 (+5.4,0.000) +0.633±0.073 | +0.380 (+2.6) | +0.096
   12 0.231 0.197 | 0.274 0.069 | 0.54 | +0.12 -0.10 | +0.542 (+4.2,0.000) +0.551±0.074 | +0.338 (+2.0) | +0.345
   13 0.249 0.167 | 0.281 0.071 | 0.59 | +0.23 -0.08 | +0.457 (+3.6,0.000) +0.477±0.083 | +0.294 (+1.6) | +0.216
   14 0.249 0.161 | 0.277 0.075 | 0.62 | +0.28 -0.15 | +0.441 (+3.4,0.001) +0.439±0.085 | +0.334 (+1.7) | +0.253
   15 0.241 0.161 | 0.269 0.074 | 0.64 | +0.41 -0.09 | +0.410 (+3.1,0.001) +0.395±0.109 | +0.311 (+1.7) | +0.291
   16 0.202 0.189 | 0.239 0.082 | 0.66 | +0.21 -0.13 | +0.375 (+2.9,0.004) +0.377±0.115 | +0.300 (+1.6) | +0.136
## olmo2_1b_bf16 minor [last]  n_ctx=24
layer  P1    P5   | P1b   P5b  | iso7 | whiteRSA f/c  | GramRSA(z,p)  ctx mean±sd | GramRSA blackproj (z) | white-only
    0 0.164 0.272 | 0.208 0.118 | 0.65 | +0.12 -0.31 | +0.551 (+5.2,0.000) +0.551±0.000 | +0.354 (+2.5) | +0.051
    1 0.155 0.304 | 0.207 0.122 | 0.58 | +0.11 -0.33 | +0.594 (+5.6,0.000) +0.599±0.008 | +0.393 (+2.7) | -0.055
    2 0.159 0.308 | 0.212 0.126 | 0.57 | -0.16 -0.26 | +0.616 (+5.3,0.000) +0.629±0.009 | +0.424 (+3.1) | -0.114
    3 0.153 0.336 | 0.210 0.131 | 0.56 | +0.11 -0.08 | +0.696 (+5.8,0.000) +0.697±0.020 | +0.474 (+3.4) | +0.160
    4 0.150 0.345 | 0.210 0.132 | 0.54 | +0.12 +0.10 | +0.714 (+5.7,0.001) +0.719±0.018 | +0.509 (+3.6) | +0.188
    5 0.147 0.355 | 0.209 0.134 | 0.54 | +0.17 +0.16 | +0.764 (+6.1,0.000) +0.755±0.036 | +0.558 (+3.9) | +0.391
    6 0.149 0.361 | 0.214 0.131 | 0.53 | +0.08 +0.30 | +0.784 (+6.2,0.000) +0.764±0.043 | +0.575 (+4.1) | +0.426
    7 0.137 0.382 | 0.205 0.139 | 0.52 | +0.08 +0.34 | +0.791 (+6.0,0.000) +0.764±0.056 | +0.597 (+4.1) | +0.429
    8 0.139 0.390 | 0.212 0.135 | 0.50 | +0.13 +0.30 | +0.788 (+6.1,0.000) +0.755±0.054 | +0.580 (+4.1) | +0.358
    9 0.136 0.395 | 0.209 0.139 | 0.50 | +0.22 +0.35 | +0.783 (+6.3,0.000) +0.755±0.061 | +0.570 (+4.2) | +0.392
   10 0.129 0.406 | 0.205 0.142 | 0.49 | +0.11 +0.41 | +0.768 (+5.9,0.000) +0.751±0.066 | +0.575 (+4.2) | +0.240
   11 0.137 0.386 | 0.213 0.139 | 0.51 | +0.20 -0.19 | +0.743 (+5.9,0.000) +0.743±0.058 | +0.471 (+3.2) | +0.001
   12 0.162 0.315 | 0.224 0.115 | 0.54 | +0.12 -0.10 | +0.768 (+5.7,0.000) +0.744±0.057 | +0.412 (+2.6) | +0.295
   13 0.168 0.281 | 0.217 0.123 | 0.64 | +0.23 -0.08 | +0.725 (+5.7,0.000) +0.733±0.068 | +0.373 (+2.2) | +0.229
   14 0.169 0.269 | 0.212 0.130 | 0.69 | +0.28 -0.15 | +0.730 (+5.6,0.000) +0.721±0.067 | +0.405 (+2.4) | +0.068
   15 0.161 0.274 | 0.203 0.130 | 0.67 | +0.41 -0.09 | +0.738 (+5.4,0.000) +0.720±0.067 | +0.431 (+2.6) | +0.209
   16 0.122 0.336 | 0.178 0.139 | 0.50 | +0.21 -0.13 | +0.717 (+5.4,0.000) +0.683±0.078 | +0.420 (+2.6) | -0.081
