## olmo2_7b major [mean]  corpus PMI: circulant fraction 0.50; targets' mutual RSA:
layer |           PMI |      PMI_circ |     PMI_resid |  -fifths_dist |   -chrom_dist |   black_block |    commonness |   same_letter |   -alpha_dist  (Spearman, z vs relabel null)
    0 | +0.25 (+2.3) | +0.19 (+2.6) | +0.09 (+0.6) | +0.13 (+1.8) | +0.11 (+1.5) | +0.35 (+3.8) | +0.38 (+1.5) | +0.09 (+1.0) | -0.02 (-0.2)
    1 | +0.27 (+2.5) | +0.20 (+2.8) | +0.10 (+0.7) | +0.15 (+2.0) | +0.10 (+1.4) | +0.41 (+4.4) | +0.41 (+1.6) | +0.08 (+0.9) | -0.02 (-0.2)
    2 | +0.30 (+2.7) | +0.22 (+3.0) | +0.12 (+0.9) | +0.17 (+2.3) | +0.09 (+1.2) | +0.48 (+5.1) | +0.43 (+1.7) | +0.08 (+0.9) | -0.01 (-0.0)
    3 | +0.31 (+2.8) | +0.24 (+3.0) | +0.13 (+0.9) | +0.19 (+2.3) | +0.10 (+1.3) | +0.50 (+5.2) | +0.42 (+1.7) | +0.07 (+0.8) | +0.01 (+0.1)
    4 | +0.34 (+2.9) | +0.28 (+2.8) | +0.12 (+0.9) | +0.22 (+2.2) | +0.13 (+1.3) | +0.54 (+5.2) | +0.38 (+1.8) | +0.08 (+0.8) | +0.06 (+0.5)
    5 | +0.36 (+3.1) | +0.31 (+3.0) | +0.11 (+0.9) | +0.25 (+2.4) | +0.13 (+1.3) | +0.57 (+5.3) | +0.36 (+1.8) | +0.08 (+0.8) | +0.05 (+0.4)
    6 | +0.38 (+3.3) | +0.35 (+3.3) | +0.12 (+0.9) | +0.28 (+2.7) | +0.12 (+1.1) | +0.61 (+5.6) | +0.36 (+1.9) | +0.07 (+0.6) | +0.07 (+0.5)
    7 | +0.40 (+3.4) | +0.39 (+3.5) | +0.10 (+0.8) | +0.34 (+3.0) | +0.10 (+0.9) | +0.69 (+6.2) | +0.38 (+2.1) | +0.02 (+0.2) | +0.05 (+0.4)
    8 | +0.44 (+3.7) | +0.43 (+3.8) | +0.13 (+1.0) | +0.37 (+3.3) | +0.12 (+1.1) | +0.72 (+6.4) | +0.38 (+2.2) | +0.00 (+0.0) | +0.06 (+0.5)
    9 | +0.46 (+3.8) | +0.45 (+3.9) | +0.14 (+1.0) | +0.39 (+3.4) | +0.09 (+0.8) | +0.73 (+6.5) | +0.39 (+2.3) | -0.01 (-0.1) | +0.04 (+0.4)
   10 | +0.48 (+4.0) | +0.48 (+4.1) | +0.13 (+1.0) | +0.43 (+3.6) | +0.07 (+0.6) | +0.77 (+6.8) | +0.37 (+2.4) | -0.04 (-0.3) | +0.04 (+0.3)
   11 | +0.51 (+4.2) | +0.50 (+4.2) | +0.15 (+1.2) | +0.46 (+3.8) | +0.03 (+0.2) | +0.79 (+6.8) | +0.36 (+2.4) | -0.06 (-0.5) | +0.01 (+0.1)
   12 | +0.53 (+4.4) | +0.52 (+4.3) | +0.16 (+1.2) | +0.48 (+4.0) | +0.02 (+0.1) | +0.80 (+6.9) | +0.36 (+2.4) | -0.08 (-0.7) | -0.01 (-0.0)
   13 | +0.54 (+4.4) | +0.54 (+4.4) | +0.15 (+1.2) | +0.50 (+4.1) | -0.01 (-0.1) | +0.81 (+6.9) | +0.34 (+2.4) | -0.08 (-0.7) | -0.02 (-0.1)
   14 | +0.55 (+4.5) | +0.54 (+4.4) | +0.16 (+1.3) | +0.50 (+4.0) | -0.02 (-0.1) | +0.80 (+6.7) | +0.32 (+2.4) | -0.07 (-0.6) | -0.01 (-0.1)
   15 | +0.56 (+4.5) | +0.54 (+4.3) | +0.18 (+1.5) | +0.51 (+4.0) | -0.04 (-0.3) | +0.81 (+6.7) | +0.29 (+2.3) | -0.08 (-0.6) | -0.01 (-0.0)
   16 | +0.56 (+4.6) | +0.52 (+4.2) | +0.20 (+1.6) | +0.48 (+3.8) | -0.04 (-0.3) | +0.80 (+6.7) | +0.31 (+2.4) | -0.08 (-0.6) | -0.00 (+0.0)
   17 | +0.45 (+3.6) | +0.46 (+3.6) | +0.12 (+1.0) | +0.38 (+2.9) | +0.06 (+0.5) | +0.71 (+5.9) | +0.25 (+2.2) | +0.18 (+1.4) | +0.09 (+0.8)
   18 | +0.45 (+3.5) | +0.46 (+3.5) | +0.13 (+1.0) | +0.40 (+3.1) | +0.01 (+0.1) | +0.71 (+5.8) | +0.25 (+2.3) | +0.13 (+1.0) | +0.05 (+0.4)
   19 | +0.46 (+3.7) | +0.46 (+3.5) | +0.14 (+1.2) | +0.39 (+3.0) | +0.03 (+0.2) | +0.71 (+5.8) | +0.23 (+2.1) | +0.11 (+0.9) | +0.08 (+0.6)
   20 | +0.47 (+3.7) | +0.46 (+3.6) | +0.14 (+1.2) | +0.40 (+3.1) | +0.02 (+0.1) | +0.71 (+5.9) | +0.24 (+2.1) | +0.10 (+0.8) | +0.05 (+0.4)
   21 | +0.43 (+3.4) | +0.43 (+3.4) | +0.12 (+1.0) | +0.36 (+2.8) | +0.04 (+0.3) | +0.69 (+5.7) | +0.26 (+2.3) | +0.15 (+1.1) | +0.09 (+0.7)
   22 | +0.44 (+3.5) | +0.45 (+3.5) | +0.14 (+1.1) | +0.37 (+2.9) | +0.05 (+0.4) | +0.68 (+5.5) | +0.23 (+2.1) | +0.14 (+1.1) | +0.09 (+0.7)
   23 | +0.44 (+3.5) | +0.44 (+3.4) | +0.13 (+1.1) | +0.37 (+2.9) | +0.05 (+0.4) | +0.68 (+5.5) | +0.23 (+2.1) | +0.15 (+1.2) | +0.09 (+0.7)
   24 | +0.43 (+3.4) | +0.45 (+3.5) | +0.10 (+0.8) | +0.38 (+2.9) | +0.02 (+0.2) | +0.66 (+5.4) | +0.20 (+1.9) | +0.16 (+1.3) | +0.09 (+0.7)
   25 | +0.43 (+3.4) | +0.46 (+3.5) | +0.09 (+0.7) | +0.39 (+3.0) | +0.02 (+0.1) | +0.66 (+5.4) | +0.19 (+1.8) | +0.16 (+1.2) | +0.09 (+0.7)
   26 | +0.41 (+3.2) | +0.45 (+3.4) | +0.06 (+0.5) | +0.39 (+3.0) | +0.02 (+0.2) | +0.63 (+5.1) | +0.18 (+1.8) | +0.15 (+1.2) | +0.10 (+0.8)
   27 | +0.40 (+3.2) | +0.45 (+3.5) | +0.06 (+0.5) | +0.39 (+3.0) | +0.02 (+0.1) | +0.62 (+5.1) | +0.17 (+1.7) | +0.15 (+1.2) | +0.09 (+0.8)
   28 | +0.40 (+3.2) | +0.46 (+3.5) | +0.05 (+0.4) | +0.40 (+3.1) | -0.01 (-0.1) | +0.63 (+5.2) | +0.17 (+1.6) | +0.13 (+1.0) | +0.08 (+0.6)
   29 | +0.41 (+3.3) | +0.46 (+3.6) | +0.05 (+0.4) | +0.41 (+3.2) | -0.00 (-0.0) | +0.64 (+5.2) | +0.17 (+1.6) | +0.13 (+1.0) | +0.09 (+0.7)
   30 | +0.42 (+3.3) | +0.46 (+3.6) | +0.05 (+0.4) | +0.41 (+3.1) | -0.01 (-0.1) | +0.65 (+5.3) | +0.15 (+1.5) | +0.12 (+0.9) | +0.08 (+0.6)
   31 | +0.44 (+3.5) | +0.46 (+3.6) | +0.09 (+0.7) | +0.41 (+3.2) | -0.05 (-0.3) | +0.69 (+5.7) | +0.16 (+1.6) | +0.08 (+0.6) | +0.05 (+0.4)
   32 | +0.44 (+3.5) | +0.43 (+3.4) | +0.13 (+1.1) | +0.39 (+3.0) | -0.09 (-0.7) | +0.70 (+5.8) | +0.17 (+1.6) | +0.04 (+0.3) | -0.00 (+0.0)
    0  fifths=+0.016  chrom=+0.172  PMI=+0.096   [corpus PMI itself: fifths=+0.623 chrom=+0.031]
    2  fifths=-0.003  chrom=+0.153  PMI=+0.089   [corpus PMI itself: fifths=+0.623 chrom=+0.031]
    4  fifths=+0.025  chrom=+0.162  PMI=+0.131   [corpus PMI itself: fifths=+0.623 chrom=+0.031]
    6  fifths=+0.078  chrom=+0.150  PMI=+0.169   [corpus PMI itself: fifths=+0.623 chrom=+0.031]
    8  fifths=+0.139  chrom=+0.211  PMI=+0.196   [corpus PMI itself: fifths=+0.623 chrom=+0.031]
   10  fifths=+0.199  chrom=+0.145  PMI=+0.250   [corpus PMI itself: fifths=+0.623 chrom=+0.031]
   12  fifths=+0.267  chrom=+0.102  PMI=+0.321   [corpus PMI itself: fifths=+0.623 chrom=+0.031]
   14  fifths=+0.310  chrom=+0.034  PMI=+0.374   [corpus PMI itself: fifths=+0.623 chrom=+0.031]
   16  fifths=+0.262  chrom=-0.033  PMI=+0.397   [corpus PMI itself: fifths=+0.623 chrom=+0.031]
   18  fifths=+0.235  chrom=-0.052  PMI=+0.279   [corpus PMI itself: fifths=+0.623 chrom=+0.031]
   20  fifths=+0.212  chrom=-0.028  PMI=+0.302   [corpus PMI itself: fifths=+0.623 chrom=+0.031]
   22  fifths=+0.209  chrom=-0.011  PMI=+0.286   [corpus PMI itself: fifths=+0.623 chrom=+0.031]
   24  fifths=+0.235  chrom=-0.074  PMI=+0.274   [corpus PMI itself: fifths=+0.623 chrom=+0.031]
   26  fifths=+0.257  chrom=-0.083  PMI=+0.255   [corpus PMI itself: fifths=+0.623 chrom=+0.031]
   28  fifths=+0.258  chrom=-0.112  PMI=+0.239   [corpus PMI itself: fifths=+0.623 chrom=+0.031]
   30  fifths=+0.261  chrom=-0.117  PMI=+0.254   [corpus PMI itself: fifths=+0.623 chrom=+0.031]
   32  fifths=+0.167  chrom=-0.167  PMI=+0.247   [corpus PMI itself: fifths=+0.623 chrom=+0.031]
