## qwen25_3b major [last]  corpus PMI: circulant fraction 0.50; targets' mutual RSA:
layer |           PMI |      PMI_circ |     PMI_resid |  -fifths_dist |   -chrom_dist |   black_block |    commonness |   same_letter |   -alpha_dist  (Spearman, z vs relabel null)
    0 | +0.41 (+3.3) | +0.36 (+2.9) | +0.16 (+1.3) | +0.29 (+2.3) | +0.08 (+0.6) | +0.66 (+5.6) | +0.26 (+1.9) | +0.14 (+1.1) | +0.04 (+0.3)
    1 | +0.40 (+3.2) | +0.42 (+3.3) | +0.10 (+0.8) | +0.35 (+2.8) | +0.07 (+0.6) | +0.70 (+5.8) | +0.35 (+2.8) | +0.13 (+1.0) | +0.09 (+0.7)
    2 | +0.37 (+2.9) | +0.40 (+3.2) | +0.07 (+0.6) | +0.34 (+2.7) | +0.06 (+0.5) | +0.70 (+5.9) | +0.34 (+2.8) | +0.13 (+1.0) | +0.09 (+0.7)
    3 | +0.33 (+2.7) | +0.38 (+3.1) | +0.02 (+0.2) | +0.33 (+2.6) | +0.05 (+0.4) | +0.71 (+5.9) | +0.31 (+2.7) | +0.11 (+0.8) | +0.08 (+0.6)
    4 | +0.35 (+2.8) | +0.42 (+3.3) | +0.01 (+0.1) | +0.38 (+2.9) | +0.02 (+0.1) | +0.75 (+6.1) | +0.27 (+2.7) | +0.07 (+0.5) | +0.05 (+0.4)
    5 | +0.30 (+2.3) | +0.38 (+3.0) | -0.03 (-0.2) | +0.34 (+2.6) | +0.04 (+0.3) | +0.73 (+5.9) | +0.27 (+2.7) | +0.09 (+0.7) | +0.05 (+0.4)
    6 | +0.26 (+2.1) | +0.36 (+3.0) | -0.03 (-0.2) | +0.32 (+2.6) | +0.02 (+0.2) | +0.70 (+5.9) | +0.30 (+2.2) | +0.07 (+0.6) | +0.07 (+0.5)
    7 | +0.28 (+2.3) | +0.38 (+3.1) | -0.03 (-0.2) | +0.33 (+2.7) | +0.06 (+0.4) | +0.71 (+5.9) | +0.28 (+2.1) | +0.05 (+0.4) | +0.07 (+0.6)
    8 | +0.27 (+2.2) | +0.36 (+3.0) | -0.01 (-0.1) | +0.31 (+2.5) | +0.04 (+0.3) | +0.70 (+5.9) | +0.30 (+2.2) | +0.05 (+0.4) | +0.04 (+0.3)
    9 | +0.33 (+2.7) | +0.40 (+3.2) | +0.03 (+0.3) | +0.35 (+2.7) | +0.03 (+0.2) | +0.72 (+5.9) | +0.26 (+2.2) | +0.05 (+0.4) | +0.06 (+0.5)
   10 | +0.33 (+2.7) | +0.40 (+3.2) | +0.04 (+0.3) | +0.35 (+2.8) | +0.04 (+0.3) | +0.76 (+6.2) | +0.26 (+2.2) | +0.00 (+0.0) | +0.02 (+0.2)
   11 | +0.38 (+3.1) | +0.45 (+3.5) | +0.05 (+0.4) | +0.41 (+3.1) | +0.02 (+0.1) | +0.73 (+6.0) | +0.24 (+2.1) | +0.01 (+0.1) | +0.02 (+0.2)
   12 | +0.36 (+2.9) | +0.42 (+3.3) | +0.05 (+0.4) | +0.37 (+2.9) | +0.05 (+0.4) | +0.72 (+5.9) | +0.28 (+2.4) | +0.05 (+0.4) | +0.06 (+0.4)
   13 | +0.37 (+3.0) | +0.47 (+3.6) | +0.00 (+0.0) | +0.44 (+3.3) | -0.00 (-0.0) | +0.78 (+6.4) | +0.25 (+2.4) | +0.03 (+0.2) | +0.01 (+0.1)
   14 | +0.36 (+2.9) | +0.48 (+3.7) | -0.02 (-0.2) | +0.45 (+3.4) | -0.00 (-0.0) | +0.79 (+6.4) | +0.26 (+2.4) | -0.00 (-0.0) | +0.01 (+0.1)
   15 | +0.36 (+2.9) | +0.47 (+3.6) | -0.01 (-0.1) | +0.44 (+3.3) | -0.00 (-0.0) | +0.80 (+6.4) | +0.24 (+2.3) | -0.01 (-0.1) | +0.01 (+0.1)
   16 | +0.38 (+3.0) | +0.48 (+3.6) | +0.01 (+0.1) | +0.45 (+3.4) | -0.01 (-0.1) | +0.80 (+6.5) | +0.24 (+2.5) | -0.00 (-0.0) | -0.01 (-0.0)
   17 | +0.38 (+3.0) | +0.47 (+3.6) | +0.02 (+0.2) | +0.44 (+3.3) | -0.00 (-0.0) | +0.81 (+6.5) | +0.22 (+2.4) | -0.00 (-0.0) | +0.01 (+0.1)
   18 | +0.37 (+2.9) | +0.46 (+3.4) | +0.03 (+0.2) | +0.43 (+3.2) | -0.00 (-0.0) | +0.81 (+6.5) | +0.20 (+2.3) | -0.01 (-0.1) | -0.01 (-0.1)
   19 | +0.37 (+2.9) | +0.45 (+3.4) | +0.04 (+0.4) | +0.42 (+3.1) | +0.02 (+0.1) | +0.81 (+6.4) | +0.19 (+2.3) | -0.00 (-0.0) | +0.00 (+0.0)
   20 | +0.35 (+2.8) | +0.44 (+3.3) | +0.02 (+0.2) | +0.41 (+3.1) | +0.02 (+0.2) | +0.81 (+6.5) | +0.18 (+2.3) | -0.01 (-0.1) | +0.00 (+0.0)
   21 | +0.36 (+2.9) | +0.45 (+3.4) | +0.03 (+0.2) | +0.42 (+3.1) | +0.03 (+0.2) | +0.81 (+6.5) | +0.19 (+2.4) | +0.00 (+0.0) | +0.01 (+0.1)
   22 | +0.38 (+3.0) | +0.47 (+3.5) | +0.04 (+0.3) | +0.43 (+3.2) | +0.02 (+0.2) | +0.83 (+6.6) | +0.19 (+2.5) | +0.00 (+0.0) | +0.00 (+0.0)
   23 | +0.37 (+2.9) | +0.46 (+3.5) | +0.04 (+0.3) | +0.43 (+3.2) | +0.03 (+0.2) | +0.83 (+6.6) | +0.19 (+2.5) | -0.01 (-0.1) | +0.00 (+0.0)
   24 | +0.36 (+2.8) | +0.45 (+3.4) | +0.03 (+0.2) | +0.42 (+3.1) | +0.01 (+0.1) | +0.83 (+6.6) | +0.19 (+2.5) | -0.02 (-0.2) | -0.01 (-0.1)
   25 | +0.38 (+3.0) | +0.46 (+3.4) | +0.04 (+0.3) | +0.43 (+3.2) | +0.01 (+0.1) | +0.84 (+6.7) | +0.18 (+2.3) | -0.04 (-0.3) | -0.03 (-0.2)
   26 | +0.37 (+3.0) | +0.45 (+3.4) | +0.04 (+0.3) | +0.43 (+3.2) | -0.01 (-0.1) | +0.83 (+6.6) | +0.19 (+2.5) | -0.03 (-0.2) | -0.02 (-0.2)
   27 | +0.38 (+3.0) | +0.46 (+3.5) | +0.03 (+0.2) | +0.43 (+3.2) | +0.00 (-0.0) | +0.84 (+6.6) | +0.17 (+2.3) | -0.02 (-0.1) | -0.01 (-0.1)
   28 | +0.37 (+2.9) | +0.45 (+3.4) | +0.03 (+0.3) | +0.42 (+3.1) | -0.00 (-0.0) | +0.84 (+6.6) | +0.16 (+2.1) | -0.01 (-0.1) | +0.00 (+0.0)
   29 | +0.38 (+3.0) | +0.44 (+3.3) | +0.05 (+0.5) | +0.40 (+3.0) | +0.00 (+0.0) | +0.82 (+6.6) | +0.18 (+2.3) | +0.01 (+0.1) | -0.01 (-0.0)
   30 | +0.36 (+2.8) | +0.42 (+3.2) | +0.04 (+0.4) | +0.37 (+2.8) | +0.02 (+0.1) | +0.81 (+6.4) | +0.14 (+2.0) | +0.06 (+0.5) | +0.01 (+0.1)
   31 | +0.29 (+2.3) | +0.42 (+3.1) | -0.05 (-0.4) | +0.37 (+2.7) | +0.07 (+0.5) | +0.75 (+5.9) | +0.14 (+2.5) | +0.17 (+1.3) | +0.09 (+0.7)
   32 | +0.33 (+2.5) | +0.43 (+3.2) | +0.00 (+0.0) | +0.38 (+2.9) | +0.02 (+0.1) | +0.77 (+6.1) | +0.13 (+1.6) | +0.15 (+1.1) | +0.09 (+0.8)
   33 | +0.30 (+2.4) | +0.45 (+3.4) | -0.07 (-0.6) | +0.41 (+3.1) | -0.01 (-0.1) | +0.78 (+6.2) | +0.12 (+1.7) | +0.08 (+0.6) | +0.09 (+0.7)
   34 | +0.30 (+2.4) | +0.44 (+3.4) | -0.09 (-0.7) | +0.43 (+3.2) | -0.06 (-0.4) | +0.81 (+6.4) | +0.11 (+1.5) | -0.04 (-0.3) | +0.04 (+0.3)
   35 | +0.33 (+2.6) | +0.47 (+3.6) | -0.08 (-0.6) | +0.46 (+3.5) | -0.03 (-0.3) | +0.83 (+6.6) | +0.13 (+1.8) | -0.06 (-0.5) | +0.02 (+0.2)
   36 | +0.13 (+1.0) | +0.23 (+1.7) | -0.03 (-0.3) | +0.24 (+1.8) | -0.17 (-1.3) | +0.67 (+5.1) | +0.16 (+2.7) | -0.27 (-2.1) | -0.12 (-1.0)
    0  fifths=+0.075  chrom=+0.102  PMI=+0.229   [corpus PMI itself: fifths=+0.623 chrom=+0.031]
    2  fifths=+0.139  chrom=+0.012  PMI=+0.114   [corpus PMI itself: fifths=+0.623 chrom=+0.031]
    4  fifths=+0.141  chrom=-0.010  PMI=+0.048   [corpus PMI itself: fifths=+0.623 chrom=+0.031]
    6  fifths=+0.074  chrom=-0.028  PMI=-0.079   [corpus PMI itself: fifths=+0.623 chrom=+0.031]
    8  fifths=+0.050  chrom=+0.049  PMI=-0.068   [corpus PMI itself: fifths=+0.623 chrom=+0.031]
   10  fifths=+0.060  chrom=+0.079  PMI=-0.004   [corpus PMI itself: fifths=+0.623 chrom=+0.031]
   12  fifths=+0.145  chrom=+0.048  PMI=+0.084   [corpus PMI itself: fifths=+0.623 chrom=+0.031]
   14  fifths=+0.233  chrom=+0.020  PMI=+0.030   [corpus PMI itself: fifths=+0.623 chrom=+0.031]
   16  fifths=+0.226  chrom=+0.016  PMI=+0.062   [corpus PMI itself: fifths=+0.623 chrom=+0.031]
   18  fifths=+0.171  chrom=+0.036  PMI=+0.048   [corpus PMI itself: fifths=+0.623 chrom=+0.031]
   20  fifths=+0.134  chrom=+0.094  PMI=+0.008   [corpus PMI itself: fifths=+0.623 chrom=+0.031]
   22  fifths=+0.168  chrom=+0.093  PMI=+0.052   [corpus PMI itself: fifths=+0.623 chrom=+0.031]
   24  fifths=+0.127  chrom=+0.105  PMI=-0.002   [corpus PMI itself: fifths=+0.623 chrom=+0.031]
   26  fifths=+0.147  chrom=+0.059  PMI=+0.030   [corpus PMI itself: fifths=+0.623 chrom=+0.031]
   28  fifths=+0.136  chrom=+0.035  PMI=+0.040   [corpus PMI itself: fifths=+0.623 chrom=+0.031]
   30  fifths=+0.085  chrom=+0.049  PMI=+0.061   [corpus PMI itself: fifths=+0.623 chrom=+0.031]
   32  fifths=+0.178  chrom=-0.105  PMI=+0.054   [corpus PMI itself: fifths=+0.623 chrom=+0.031]
   34  fifths=+0.154  chrom=-0.141  PMI=-0.080   [corpus PMI itself: fifths=+0.623 chrom=+0.031]
   36  fifths=-0.163  chrom=-0.084  PMI=-0.297   [corpus PMI itself: fifths=+0.623 chrom=+0.031]
