## qwen25_3b major [mean]  corpus PMI: circulant fraction 0.50; targets' mutual RSA:
layer |           PMI |      PMI_circ |     PMI_resid |  -fifths_dist |   -chrom_dist |   black_block |    commonness |   same_letter |   -alpha_dist  (Spearman, z vs relabel null)
    0 | +0.38 (+3.0) | +0.32 (+2.6) | +0.15 (+1.2) | +0.24 (+1.9) | +0.13 (+1.0) | +0.49 (+4.1) | +0.25 (+1.7) | +0.20 (+1.7) | +0.10 (+0.8)
    1 | +0.39 (+3.1) | +0.39 (+3.1) | +0.12 (+1.0) | +0.31 (+2.4) | +0.13 (+1.0) | +0.59 (+4.9) | +0.27 (+2.3) | +0.19 (+1.5) | +0.15 (+1.1)
    2 | +0.37 (+3.0) | +0.38 (+3.0) | +0.10 (+0.8) | +0.29 (+2.3) | +0.11 (+0.9) | +0.58 (+4.9) | +0.27 (+2.3) | +0.21 (+1.7) | +0.16 (+1.2)
    3 | +0.37 (+2.9) | +0.37 (+2.9) | +0.11 (+0.8) | +0.29 (+2.2) | +0.11 (+0.9) | +0.59 (+4.9) | +0.26 (+2.2) | +0.20 (+1.6) | +0.15 (+1.1)
    4 | +0.38 (+3.0) | +0.39 (+3.1) | +0.11 (+0.9) | +0.32 (+2.4) | +0.09 (+0.6) | +0.62 (+5.1) | +0.25 (+2.3) | +0.18 (+1.4) | +0.14 (+1.1)
    5 | +0.34 (+2.7) | +0.38 (+2.9) | +0.08 (+0.6) | +0.29 (+2.2) | +0.12 (+0.9) | +0.59 (+4.9) | +0.23 (+2.3) | +0.24 (+1.8) | +0.16 (+1.2)
    6 | +0.34 (+2.7) | +0.39 (+2.9) | +0.07 (+0.6) | +0.29 (+2.2) | +0.11 (+0.8) | +0.59 (+4.8) | +0.23 (+2.4) | +0.23 (+1.8) | +0.15 (+1.2)
    7 | +0.35 (+2.8) | +0.39 (+3.1) | +0.07 (+0.6) | +0.31 (+2.4) | +0.10 (+0.8) | +0.62 (+5.2) | +0.23 (+1.8) | +0.16 (+1.2) | +0.12 (+0.9)
    8 | +0.37 (+2.9) | +0.38 (+3.0) | +0.12 (+0.9) | +0.30 (+2.4) | +0.09 (+0.7) | +0.63 (+5.3) | +0.25 (+2.0) | +0.15 (+1.2) | +0.11 (+0.8)
    9 | +0.39 (+3.1) | +0.39 (+3.0) | +0.13 (+1.1) | +0.30 (+2.4) | +0.08 (+0.6) | +0.64 (+5.4) | +0.22 (+1.8) | +0.14 (+1.1) | +0.11 (+0.8)
   10 | +0.41 (+3.3) | +0.41 (+3.2) | +0.15 (+1.3) | +0.34 (+2.6) | +0.04 (+0.3) | +0.65 (+5.4) | +0.23 (+2.0) | +0.12 (+1.0) | +0.08 (+0.6)
   11 | +0.42 (+3.3) | +0.42 (+3.3) | +0.15 (+1.2) | +0.35 (+2.7) | +0.07 (+0.5) | +0.64 (+5.2) | +0.22 (+2.0) | +0.14 (+1.1) | +0.09 (+0.8)
   12 | +0.38 (+3.0) | +0.40 (+3.1) | +0.12 (+1.0) | +0.31 (+2.4) | +0.11 (+0.8) | +0.59 (+4.8) | +0.21 (+2.1) | +0.22 (+1.7) | +0.15 (+1.2)
   13 | +0.42 (+3.4) | +0.46 (+3.5) | +0.12 (+1.0) | +0.38 (+2.9) | +0.07 (+0.5) | +0.66 (+5.3) | +0.22 (+2.2) | +0.18 (+1.4) | +0.11 (+0.9)
   14 | +0.43 (+3.4) | +0.47 (+3.6) | +0.11 (+0.9) | +0.39 (+3.0) | +0.07 (+0.5) | +0.66 (+5.4) | +0.21 (+2.1) | +0.16 (+1.3) | +0.09 (+0.7)
   15 | +0.43 (+3.4) | +0.46 (+3.5) | +0.13 (+1.0) | +0.38 (+2.9) | +0.07 (+0.5) | +0.67 (+5.5) | +0.21 (+2.1) | +0.15 (+1.2) | +0.09 (+0.7)
   16 | +0.44 (+3.5) | +0.46 (+3.5) | +0.13 (+1.1) | +0.40 (+3.0) | +0.04 (+0.3) | +0.68 (+5.6) | +0.22 (+2.1) | +0.13 (+1.0) | +0.06 (+0.5)
   17 | +0.45 (+3.6) | +0.46 (+3.6) | +0.14 (+1.2) | +0.40 (+3.0) | +0.05 (+0.3) | +0.69 (+5.6) | +0.22 (+2.2) | +0.13 (+1.0) | +0.07 (+0.6)
   18 | +0.46 (+3.6) | +0.46 (+3.6) | +0.14 (+1.2) | +0.40 (+3.1) | +0.05 (+0.4) | +0.70 (+5.7) | +0.23 (+2.2) | +0.12 (+1.0) | +0.07 (+0.6)
   19 | +0.45 (+3.6) | +0.45 (+3.5) | +0.16 (+1.3) | +0.38 (+2.9) | +0.07 (+0.5) | +0.70 (+5.7) | +0.23 (+2.1) | +0.11 (+0.9) | +0.08 (+0.7)
   20 | +0.46 (+3.6) | +0.45 (+3.5) | +0.16 (+1.3) | +0.38 (+2.9) | +0.07 (+0.5) | +0.70 (+5.7) | +0.23 (+2.2) | +0.11 (+0.9) | +0.08 (+0.6)
   21 | +0.46 (+3.6) | +0.46 (+3.5) | +0.16 (+1.3) | +0.39 (+3.0) | +0.08 (+0.6) | +0.70 (+5.8) | +0.23 (+2.2) | +0.12 (+1.0) | +0.09 (+0.7)
   22 | +0.45 (+3.6) | +0.45 (+3.5) | +0.17 (+1.4) | +0.38 (+2.9) | +0.09 (+0.7) | +0.70 (+5.8) | +0.23 (+2.3) | +0.14 (+1.1) | +0.11 (+0.8)
   23 | +0.46 (+3.7) | +0.46 (+3.5) | +0.18 (+1.4) | +0.39 (+3.0) | +0.08 (+0.6) | +0.71 (+5.8) | +0.23 (+2.2) | +0.12 (+0.9) | +0.09 (+0.8)
   24 | +0.46 (+3.6) | +0.45 (+3.5) | +0.17 (+1.4) | +0.38 (+2.9) | +0.07 (+0.5) | +0.71 (+5.8) | +0.23 (+2.2) | +0.12 (+0.9) | +0.08 (+0.6)
   25 | +0.47 (+3.7) | +0.46 (+3.6) | +0.16 (+1.3) | +0.40 (+3.1) | +0.05 (+0.3) | +0.73 (+6.0) | +0.23 (+2.2) | +0.09 (+0.7) | +0.06 (+0.5)
   26 | +0.44 (+3.5) | +0.45 (+3.5) | +0.14 (+1.2) | +0.39 (+3.0) | +0.04 (+0.3) | +0.71 (+5.8) | +0.23 (+2.2) | +0.11 (+0.8) | +0.07 (+0.5)
   27 | +0.44 (+3.5) | +0.45 (+3.5) | +0.14 (+1.1) | +0.38 (+2.9) | +0.07 (+0.5) | +0.71 (+5.7) | +0.22 (+2.2) | +0.13 (+1.0) | +0.10 (+0.8)
   28 | +0.43 (+3.4) | +0.44 (+3.4) | +0.14 (+1.1) | +0.37 (+2.8) | +0.05 (+0.4) | +0.70 (+5.7) | +0.22 (+2.1) | +0.13 (+1.0) | +0.09 (+0.7)
   29 | +0.43 (+3.4) | +0.42 (+3.3) | +0.15 (+1.3) | +0.34 (+2.6) | +0.07 (+0.6) | +0.69 (+5.6) | +0.21 (+2.0) | +0.18 (+1.4) | +0.09 (+0.7)
   30 | +0.36 (+2.8) | +0.38 (+2.9) | +0.11 (+0.9) | +0.28 (+2.1) | +0.08 (+0.6) | +0.66 (+5.3) | +0.19 (+1.9) | +0.25 (+2.0) | +0.10 (+0.8)
   31 | +0.31 (+2.4) | +0.39 (+2.9) | +0.02 (+0.2) | +0.30 (+2.2) | +0.13 (+0.9) | +0.57 (+4.6) | +0.15 (+2.0) | +0.30 (+2.3) | +0.19 (+1.5)
   32 | +0.34 (+2.7) | +0.38 (+3.0) | +0.07 (+0.6) | +0.31 (+2.3) | +0.07 (+0.5) | +0.63 (+5.1) | +0.21 (+2.0) | +0.24 (+1.9) | +0.16 (+1.3)
   33 | +0.30 (+2.3) | +0.40 (+3.1) | -0.02 (-0.2) | +0.32 (+2.5) | +0.08 (+0.6) | +0.56 (+4.6) | +0.13 (+1.4) | +0.26 (+2.0) | +0.21 (+1.7)
   34 | +0.28 (+2.2) | +0.40 (+3.1) | -0.07 (-0.6) | +0.34 (+2.7) | +0.05 (+0.4) | +0.56 (+4.6) | +0.10 (+1.0) | +0.18 (+1.4) | +0.19 (+1.5)
   35 | +0.29 (+2.3) | +0.41 (+3.2) | -0.07 (-0.5) | +0.35 (+2.7) | +0.07 (+0.5) | +0.57 (+4.6) | +0.11 (+1.0) | +0.15 (+1.2) | +0.17 (+1.3)
   36 | +0.17 (+1.4) | +0.21 (+1.6) | +0.06 (+0.5) | +0.17 (+1.2) | -0.08 (-0.6) | +0.47 (+3.7) | +0.04 (+0.5) | +0.06 (+0.5) | +0.04 (+0.3)
    0  fifths=+0.108  chrom=+0.087  PMI=+0.258   [corpus PMI itself: fifths=+0.623 chrom=+0.031]
    2  fifths=+0.153  chrom=+0.010  PMI=+0.219   [corpus PMI itself: fifths=+0.623 chrom=+0.031]
    4  fifths=+0.160  chrom=-0.014  PMI=+0.211   [corpus PMI itself: fifths=+0.623 chrom=+0.031]
    6  fifths=+0.159  chrom=-0.002  PMI=+0.178   [corpus PMI itself: fifths=+0.623 chrom=+0.031]
    8  fifths=+0.107  chrom=+0.043  PMI=+0.173   [corpus PMI itself: fifths=+0.623 chrom=+0.031]
   10  fifths=+0.144  chrom=-0.018  PMI=+0.231   [corpus PMI itself: fifths=+0.623 chrom=+0.031]
   12  fifths=+0.185  chrom=+0.007  PMI=+0.244   [corpus PMI itself: fifths=+0.623 chrom=+0.031]
   14  fifths=+0.255  chrom=+0.012  PMI=+0.277   [corpus PMI itself: fifths=+0.623 chrom=+0.031]
   16  fifths=+0.240  chrom=-0.006  PMI=+0.280   [corpus PMI itself: fifths=+0.623 chrom=+0.031]
   18  fifths=+0.236  chrom=+0.003  PMI=+0.295   [corpus PMI itself: fifths=+0.623 chrom=+0.031]
   20  fifths=+0.202  chrom=+0.043  PMI=+0.291   [corpus PMI itself: fifths=+0.623 chrom=+0.031]
   22  fifths=+0.200  chrom=+0.047  PMI=+0.303   [corpus PMI itself: fifths=+0.623 chrom=+0.031]
   24  fifths=+0.193  chrom=+0.040  PMI=+0.297   [corpus PMI itself: fifths=+0.623 chrom=+0.031]
   26  fifths=+0.199  chrom=-0.002  PMI=+0.266   [corpus PMI itself: fifths=+0.623 chrom=+0.031]
   28  fifths=+0.180  chrom=-0.018  PMI=+0.258   [corpus PMI itself: fifths=+0.623 chrom=+0.031]
   30  fifths=+0.104  chrom=-0.001  PMI=+0.200   [corpus PMI itself: fifths=+0.623 chrom=+0.031]
   32  fifths=+0.162  chrom=-0.088  PMI=+0.164   [corpus PMI itself: fifths=+0.623 chrom=+0.031]
   34  fifths=+0.219  chrom=-0.130  PMI=+0.101   [corpus PMI itself: fifths=+0.623 chrom=+0.031]
   36  fifths=-0.037  chrom=-0.160  PMI=-0.016   [corpus PMI itself: fifths=+0.623 chrom=+0.031]
