## qwen25_3b minor [last]  corpus PMI: circulant fraction 0.37; targets' mutual RSA:
layer |           PMI |      PMI_circ |     PMI_resid |  -fifths_dist |   -chrom_dist |   black_block |    commonness |   same_letter |   -alpha_dist  (Spearman, z vs relabel null)
    0 | +0.31 (+2.6) | +0.27 (+2.3) | +0.11 (+0.8) | +0.26 (+2.2) | +0.03 (+0.2) | +0.57 (+4.9) | +0.41 (+2.7) | +0.03 (+0.2) | +0.03 (+0.2)
    1 | +0.34 (+2.8) | +0.28 (+2.3) | +0.14 (+1.1) | +0.26 (+2.1) | +0.01 (+0.1) | +0.59 (+5.0) | +0.35 (+2.5) | +0.08 (+0.6) | +0.06 (+0.5)
    2 | +0.36 (+2.9) | +0.30 (+2.5) | +0.14 (+1.1) | +0.27 (+2.3) | +0.00 (+0.0) | +0.61 (+5.1) | +0.33 (+2.4) | +0.10 (+0.8) | +0.04 (+0.4)
    3 | +0.36 (+2.9) | +0.27 (+2.2) | +0.16 (+1.3) | +0.25 (+2.0) | +0.03 (+0.2) | +0.61 (+5.0) | +0.33 (+2.5) | +0.11 (+0.8) | +0.06 (+0.5)
    4 | +0.38 (+3.1) | +0.27 (+2.2) | +0.18 (+1.4) | +0.25 (+2.0) | +0.01 (+0.1) | +0.64 (+5.3) | +0.33 (+2.7) | +0.11 (+0.9) | +0.06 (+0.5)
    5 | +0.36 (+2.9) | +0.26 (+2.1) | +0.16 (+1.3) | +0.24 (+1.9) | +0.02 (+0.2) | +0.63 (+5.2) | +0.35 (+2.9) | +0.13 (+1.0) | +0.06 (+0.5)
    6 | +0.26 (+2.1) | +0.29 (+2.5) | +0.04 (+0.3) | +0.26 (+2.2) | +0.00 (+0.0) | +0.56 (+4.8) | +0.37 (+2.4) | +0.07 (+0.6) | +0.02 (+0.2)
    7 | +0.22 (+1.7) | +0.27 (+2.4) | +0.01 (+0.1) | +0.25 (+2.1) | +0.04 (+0.3) | +0.58 (+4.9) | +0.43 (+2.8) | +0.08 (+0.6) | +0.02 (+0.2)
    8 | +0.25 (+2.1) | +0.30 (+2.5) | +0.04 (+0.3) | +0.27 (+2.3) | +0.03 (+0.3) | +0.60 (+5.1) | +0.43 (+2.9) | +0.06 (+0.5) | +0.03 (+0.3)
    9 | +0.26 (+2.1) | +0.29 (+2.5) | +0.06 (+0.4) | +0.27 (+2.2) | -0.01 (-0.1) | +0.61 (+5.2) | +0.41 (+2.8) | +0.05 (+0.4) | +0.02 (+0.2)
   10 | +0.28 (+2.2) | +0.31 (+2.5) | +0.05 (+0.4) | +0.29 (+2.3) | -0.01 (-0.1) | +0.67 (+5.5) | +0.42 (+3.2) | +0.06 (+0.5) | +0.04 (+0.3)
   11 | +0.27 (+2.2) | +0.33 (+2.7) | +0.03 (+0.2) | +0.31 (+2.6) | -0.03 (-0.2) | +0.65 (+5.4) | +0.41 (+3.0) | +0.06 (+0.5) | +0.02 (+0.2)
   12 | +0.31 (+2.5) | +0.29 (+2.4) | +0.10 (+0.8) | +0.25 (+2.0) | +0.03 (+0.3) | +0.62 (+5.1) | +0.36 (+2.8) | +0.14 (+1.1) | +0.06 (+0.5)
   13 | +0.43 (+3.6) | +0.41 (+3.2) | +0.14 (+1.1) | +0.40 (+3.2) | -0.03 (-0.3) | +0.72 (+5.9) | +0.40 (+3.8) | +0.01 (+0.0) | +0.01 (+0.0)
   14 | +0.45 (+3.8) | +0.42 (+3.3) | +0.15 (+1.3) | +0.42 (+3.3) | -0.02 (-0.2) | +0.74 (+6.1) | +0.39 (+3.8) | -0.02 (-0.2) | +0.02 (+0.1)
   15 | +0.47 (+3.9) | +0.41 (+3.2) | +0.19 (+1.6) | +0.41 (+3.2) | -0.03 (-0.2) | +0.76 (+6.3) | +0.37 (+3.8) | -0.03 (-0.3) | +0.02 (+0.1)
   16 | +0.47 (+3.9) | +0.41 (+3.2) | +0.18 (+1.5) | +0.42 (+3.3) | -0.04 (-0.3) | +0.77 (+6.3) | +0.36 (+3.5) | -0.03 (-0.3) | +0.00 (-0.0)
   17 | +0.48 (+4.0) | +0.42 (+3.3) | +0.18 (+1.5) | +0.42 (+3.3) | -0.02 (-0.2) | +0.77 (+6.3) | +0.35 (+3.5) | -0.02 (-0.2) | +0.02 (+0.1)
   18 | +0.48 (+4.0) | +0.41 (+3.3) | +0.20 (+1.6) | +0.41 (+3.2) | -0.04 (-0.3) | +0.78 (+6.4) | +0.34 (+3.5) | -0.03 (-0.3) | +0.01 (+0.1)
   19 | +0.49 (+4.1) | +0.41 (+3.3) | +0.21 (+1.7) | +0.41 (+3.2) | +0.00 (+0.0) | +0.79 (+6.4) | +0.35 (+3.6) | -0.02 (-0.2) | +0.04 (+0.3)
   20 | +0.50 (+4.1) | +0.42 (+3.3) | +0.21 (+1.7) | +0.41 (+3.2) | -0.00 (-0.0) | +0.80 (+6.5) | +0.33 (+3.5) | -0.03 (-0.3) | +0.04 (+0.3)
   21 | +0.50 (+4.2) | +0.42 (+3.3) | +0.21 (+1.7) | +0.42 (+3.3) | -0.01 (-0.0) | +0.81 (+6.6) | +0.33 (+3.3) | -0.03 (-0.3) | +0.03 (+0.2)
   22 | +0.52 (+4.4) | +0.42 (+3.3) | +0.23 (+1.9) | +0.42 (+3.3) | -0.00 (-0.0) | +0.82 (+6.7) | +0.32 (+3.3) | -0.02 (-0.2) | +0.03 (+0.2)
   23 | +0.52 (+4.4) | +0.43 (+3.4) | +0.22 (+1.8) | +0.43 (+3.4) | -0.01 (-0.1) | +0.82 (+6.7) | +0.32 (+3.2) | -0.05 (-0.4) | +0.02 (+0.1)
   24 | +0.52 (+4.3) | +0.43 (+3.4) | +0.23 (+1.9) | +0.42 (+3.3) | -0.01 (-0.1) | +0.82 (+6.7) | +0.31 (+3.2) | -0.06 (-0.5) | +0.02 (+0.1)
   25 | +0.52 (+4.4) | +0.43 (+3.3) | +0.24 (+2.0) | +0.43 (+3.3) | -0.02 (-0.1) | +0.83 (+6.8) | +0.30 (+3.1) | -0.07 (-0.6) | +0.01 (+0.0)
   26 | +0.53 (+4.4) | +0.43 (+3.4) | +0.23 (+1.9) | +0.43 (+3.4) | -0.03 (-0.2) | +0.82 (+6.7) | +0.31 (+3.2) | -0.05 (-0.4) | +0.00 (-0.0)
   27 | +0.53 (+4.4) | +0.42 (+3.3) | +0.25 (+2.1) | +0.42 (+3.2) | -0.00 (-0.0) | +0.83 (+6.7) | +0.31 (+3.4) | -0.01 (-0.2) | +0.03 (+0.2)
   28 | +0.53 (+4.4) | +0.42 (+3.3) | +0.25 (+2.1) | +0.42 (+3.2) | -0.00 (-0.0) | +0.84 (+6.8) | +0.31 (+3.3) | -0.02 (-0.2) | +0.04 (+0.3)
   29 | +0.54 (+4.6) | +0.41 (+3.2) | +0.28 (+2.4) | +0.41 (+3.2) | -0.03 (-0.2) | +0.85 (+6.9) | +0.28 (+3.2) | -0.05 (-0.4) | -0.01 (-0.1)
   30 | +0.56 (+4.6) | +0.37 (+2.8) | +0.34 (+2.9) | +0.35 (+2.7) | +0.02 (+0.2) | +0.81 (+6.5) | +0.23 (+2.9) | +0.08 (+0.5) | +0.04 (+0.3)
   31 | +0.53 (+4.3) | +0.34 (+2.6) | +0.30 (+2.6) | +0.33 (+2.5) | +0.04 (+0.3) | +0.79 (+6.3) | +0.23 (+3.1) | +0.10 (+0.7) | +0.04 (+0.3)
   32 | +0.51 (+4.2) | +0.31 (+2.3) | +0.31 (+2.7) | +0.31 (+2.3) | +0.01 (+0.1) | +0.80 (+6.3) | +0.17 (+2.6) | +0.11 (+0.8) | +0.00 (-0.0)
   33 | +0.53 (+4.4) | +0.31 (+2.3) | +0.33 (+3.0) | +0.31 (+2.3) | -0.02 (-0.1) | +0.77 (+5.9) | +0.13 (+2.6) | +0.11 (+0.8) | +0.01 (+0.1)
   34 | +0.56 (+4.7) | +0.34 (+2.6) | +0.33 (+3.0) | +0.38 (+2.8) | -0.08 (-0.6) | +0.83 (+6.4) | +0.09 (+1.7) | -0.05 (-0.4) | -0.04 (-0.3)
   35 | +0.60 (+5.0) | +0.40 (+3.0) | +0.32 (+2.8) | +0.43 (+3.3) | -0.07 (-0.5) | +0.84 (+6.5) | +0.08 (+1.1) | -0.07 (-0.6) | -0.05 (-0.4)
   36 | +0.49 (+4.1) | +0.32 (+2.4) | +0.29 (+2.5) | +0.37 (+2.8) | -0.14 (-1.0) | +0.83 (+6.6) | +0.13 (+2.1) | -0.25 (-2.0) | -0.13 (-1.1)
    0  fifths=+0.059  chrom=+0.030  PMI=+0.126   [corpus PMI itself: fifths=+0.559 chrom=-0.057]
    2  fifths=+0.073  chrom=-0.040  PMI=+0.079   [corpus PMI itself: fifths=+0.559 chrom=-0.057]
    4  fifths=+0.021  chrom=-0.052  PMI=+0.080   [corpus PMI itself: fifths=+0.559 chrom=-0.057]
    6  fifths=+0.086  chrom=-0.017  PMI=+0.009   [corpus PMI itself: fifths=+0.559 chrom=-0.057]
    8  fifths=+0.085  chrom=+0.034  PMI=-0.006   [corpus PMI itself: fifths=+0.559 chrom=-0.057]
   10  fifths=+0.064  chrom=-0.056  PMI=-0.073   [corpus PMI itself: fifths=+0.559 chrom=-0.057]
   12  fifths=+0.054  chrom=-0.020  PMI=+0.000   [corpus PMI itself: fifths=+0.559 chrom=-0.057]
   14  fifths=+0.212  chrom=-0.029  PMI=+0.194   [corpus PMI itself: fifths=+0.559 chrom=-0.057]
   16  fifths=+0.184  chrom=-0.037  PMI=+0.167   [corpus PMI itself: fifths=+0.559 chrom=-0.057]
   18  fifths=+0.165  chrom=-0.052  PMI=+0.168   [corpus PMI itself: fifths=+0.559 chrom=-0.057]
   20  fifths=+0.154  chrom=-0.001  PMI=+0.161   [corpus PMI itself: fifths=+0.559 chrom=-0.057]
   22  fifths=+0.159  chrom=+0.006  PMI=+0.185   [corpus PMI itself: fifths=+0.559 chrom=-0.057]
   24  fifths=+0.141  chrom=+0.027  PMI=+0.176   [corpus PMI itself: fifths=+0.559 chrom=-0.057]
   26  fifths=+0.163  chrom=-0.014  PMI=+0.209   [corpus PMI itself: fifths=+0.559 chrom=-0.057]
   28  fifths=+0.143  chrom=-0.006  PMI=+0.174   [corpus PMI itself: fifths=+0.559 chrom=-0.057]
   30  fifths=+0.042  chrom=+0.033  PMI=+0.174   [corpus PMI itself: fifths=+0.559 chrom=-0.057]
   32  fifths=-0.052  chrom=+0.035  PMI=+0.010   [corpus PMI itself: fifths=+0.559 chrom=-0.057]
   34  fifths=-0.016  chrom=-0.094  PMI=+0.051   [corpus PMI itself: fifths=+0.559 chrom=-0.057]
   36  fifths=-0.110  chrom=-0.021  PMI=-0.012   [corpus PMI itself: fifths=+0.559 chrom=-0.057]
