   rho seed | final KL | hidden mid l|c  last l|c  rsa_code | PC1 lin  PC2 quad | KL@100  beh l|c@100 (uncontrolled)  twin asym@500
-0.04 1    | 0.0007 | -0.15 -0.11 +0.21 | 0.37 0.60 | 0.283 -0.02 0.24
-0.03 2    | 0.0006 | -0.26 -0.21 -0.01 | 0.10 0.28 | 0.276 +0.03 0.41
-0.02 0    | 0.0008 | -0.22 -0.18 -0.03 | 0.22 0.49 | 0.296 +0.16 0.32
+0.21 2    | 0.0006 | -0.24 -0.20 -0.12 | 0.41 0.74 | 0.352 +0.21 0.57
+0.21 0    | 0.0008 | -0.21 -0.15 +0.02 | 0.04 0.48 | 0.325 +0.15 0.36
+0.27 1    | 0.0007 | +0.00 -0.04 +0.15 | 0.29 0.34 | 0.286 +0.26 0.43
+0.45 1    | 0.0007 | -0.21 -0.23 +0.21 | 0.34 0.75 | 0.333 +0.37 0.37
+0.46 0    | 0.0008 | -0.10 -0.06 +0.13 | 0.36 0.81 | 0.397 +0.24 0.25
+0.47 2    | 0.0006 | -0.10 -0.20 +0.25 | 0.25 0.47 | 0.255 +0.27 0.29
+0.70 1    | 0.0006 | -0.14 -0.21 +0.12 | 0.36 0.83 | 0.217 +0.46 0.39
+0.71 2    | 0.0006 | -0.11 -0.15 +0.07 | 0.41 0.38 | 0.208 +0.35 0.43
+0.72 0    | 0.0008 | -0.25 -0.24 +0.12 | 0.32 0.82 | 0.282 +0.31 0.20
+1.00 0    | 0.0007 | -0.12 -0.16 +0.20 | 0.29 0.87 | 0.077 +0.39 0.40
+1.00 1    | 0.0006 | -0.16 -0.16 +0.21 | 0.36 0.86 | 0.090 +0.37 0.48
+1.00 2    | 0.0006 | -0.17 -0.18 +0.15 | 0.41 0.69 | 0.058 +0.42 0.56
Spearman(alignment rho, hid_mid_lc) = +0.29 (n=15)
Spearman(alignment rho, hid_last_lc) = -0.09 (n=15)
Spearman(alignment rho, pc2_quad) = +0.57 (n=15)
Spearman(alignment rho, kl100) = -0.68 (n=15)
Spearman(alignment rho, beh_lc100) = +0.85 (n=15)
Spearman(alignment rho, tgt_asym500) = +0.23 (n=15)
